#     x             y        x_tangent     y_tangent     x_normal      y_normal
+0.00000E+00  +0.00000E+00  +6.42788E-01  -7.66044E-01  +7.66044E-01  +6.42788E-01
+2.46740E-06  -2.94053E-06  +6.42789E-01  -7.66043E-01  +7.66043E-01  +6.42789E-01
+2.22064E-05  -2.64641E-05  +6.42802E-01  -7.66033E-01  +7.66033E-01  +6.42802E-01
+6.16838E-05  -7.35080E-05  +6.42827E-01  -7.66011E-01  +7.66011E-01  +6.42827E-01
+1.20898E-04  -1.44066E-04  +6.42865E-01  -7.65979E-01  +7.65979E-01  +6.42865E-01
+1.99846E-04  -2.38127E-04  +6.42916E-01  -7.65937E-01  +7.65937E-01  +6.42916E-01
+2.98526E-04  -3.55679E-04  +6.42979E-01  -7.65883E-01  +7.65883E-01  +6.42979E-01
+4.16933E-04  -4.96705E-04  +6.43056E-01  -7.65819E-01  +7.65819E-01  +6.43056E-01
+5.55063E-04  -6.61185E-04  +6.43145E-01  -7.65744E-01  +7.65744E-01  +6.43145E-01
+7.12909E-04  -8.49096E-04  +6.43247E-01  -7.65658E-01  +7.65658E-01  +6.43247E-01
+8.90467E-04  -1.06041E-03  +6.43363E-01  -7.65561E-01  +7.65561E-01  +6.43363E-01
+1.08773E-03  -1.29510E-03  +6.43491E-01  -7.65453E-01  +7.65453E-01  +6.43491E-01
+1.30469E-03  -1.55313E-03  +6.43633E-01  -7.65334E-01  +7.65334E-01  +6.43633E-01
+1.54133E-03  -1.83446E-03  +6.43788E-01  -7.65204E-01  +7.65204E-01  +6.43788E-01
+1.79766E-03  -2.13906E-03  +6.43957E-01  -7.65062E-01  +7.65062E-01  +6.43957E-01
+2.07365E-03  -2.46688E-03  +6.44139E-01  -7.64909E-01  +7.64909E-01  +6.44139E-01
+2.36930E-03  -2.81787E-03  +6.44334E-01  -7.64744E-01  +7.64744E-01  +6.44334E-01
+2.68459E-03  -3.19198E-03  +6.44543E-01  -7.64568E-01  +7.64568E-01  +6.44543E-01
+3.01952E-03  -3.58916E-03  +6.44766E-01  -7.64380E-01  +7.64380E-01  +6.44766E-01
+3.37407E-03  -4.00935E-03  +6.45003E-01  -7.64180E-01  +7.64180E-01  +6.45003E-01
+3.74822E-03  -4.45249E-03  +6.45254E-01  -7.63968E-01  +7.63968E-01  +6.45254E-01
+4.14197E-03  -4.91851E-03  +6.45519E-01  -7.63745E-01  +7.63745E-01  +6.45519E-01
+4.55529E-03  -5.40735E-03  +6.45797E-01  -7.63509E-01  +7.63509E-01  +6.45797E-01
+4.98817E-03  -5.91894E-03  +6.46091E-01  -7.63261E-01  +7.63261E-01  +6.46091E-01
+5.44059E-03  -6.45319E-03  +6.46398E-01  -7.63000E-01  +7.63000E-01  +6.46398E-01
+5.91254E-03  -7.01003E-03  +6.46720E-01  -7.62727E-01  +7.62727E-01  +6.46720E-01
+6.40399E-03  -7.58938E-03  +6.47057E-01  -7.62442E-01  +7.62442E-01  +6.47057E-01
+6.91493E-03  -8.19115E-03  +6.47408E-01  -7.62143E-01  +7.62143E-01  +6.47408E-01
+7.44534E-03  -8.81525E-03  +6.47774E-01  -7.61832E-01  +7.61832E-01  +6.47774E-01
+7.99519E-03  -9.46159E-03  +6.48156E-01  -7.61508E-01  +7.61508E-01  +6.48156E-01
+8.56446E-03  -1.01301E-02  +6.48552E-01  -7.61171E-01  +7.61171E-01  +6.48552E-01
+9.15314E-03  -1.08206E-02  +6.48963E-01  -7.60820E-01  +7.60820E-01  +6.48963E-01
+9.76119E-03  -1.15330E-02  +6.49390E-01  -7.60456E-01  +7.60456E-01  +6.49390E-01
+1.03886E-02  -1.22673E-02  +6.49832E-01  -7.60078E-01  +7.60078E-01  +6.49832E-01
+1.10353E-02  -1.30233E-02  +6.50290E-01  -7.59686E-01  +7.59686E-01  +6.50290E-01
+1.17014E-02  -1.38009E-02  +6.50763E-01  -7.59281E-01  +7.59281E-01  +6.50763E-01
+1.23867E-02  -1.46000E-02  +6.51252E-01  -7.58861E-01  +7.58861E-01  +6.51252E-01
+1.30913E-02  -1.54204E-02  +6.51757E-01  -7.58428E-01  +7.58428E-01  +6.51757E-01
+1.38150E-02  -1.62621E-02  +6.52279E-01  -7.57979E-01  +7.57979E-01  +6.52279E-01
+1.45580E-02  -1.71248E-02  +6.52816E-01  -7.57517E-01  +7.57517E-01  +6.52816E-01
+1.53202E-02  -1.80086E-02  +6.53370E-01  -7.57039E-01  +7.57039E-01  +6.53370E-01
+1.61014E-02  -1.89131E-02  +6.53940E-01  -7.56546E-01  +7.56546E-01  +6.53940E-01
+1.69018E-02  -1.98384E-02  +6.54527E-01  -7.56039E-01  +7.56039E-01  +6.54527E-01
+1.77213E-02  -2.07842E-02  +6.55131E-01  -7.55515E-01  +7.55515E-01  +6.55131E-01
+1.85598E-02  -2.17503E-02  +6.55751E-01  -7.54977E-01  +7.54977E-01  +6.55751E-01
+1.94173E-02  -2.27367E-02  +6.56389E-01  -7.54422E-01  +7.54422E-01  +6.56389E-01
+2.02938E-02  -2.37432E-02  +6.57044E-01  -7.53852E-01  +7.53852E-01  +6.57044E-01
+2.11892E-02  -2.47697E-02  +6.57717E-01  -7.53266E-01  +7.53266E-01  +6.57717E-01
+2.21035E-02  -2.58158E-02  +6.58406E-01  -7.52663E-01  +7.52663E-01  +6.58406E-01
+2.30367E-02  -2.68816E-02  +6.59114E-01  -7.52043E-01  +7.52043E-01  +6.59114E-01
+2.39887E-02  -2.79668E-02  +6.59839E-01  -7.51407E-01  +7.51407E-01  +6.59839E-01
+2.49595E-02  -2.90712E-02  +6.60583E-01  -7.50753E-01  +7.50753E-01  +6.60583E-01
+2.59490E-02  -3.01947E-02  +6.61344E-01  -7.50083E-01  +7.50083E-01  +6.61344E-01
+2.69573E-02  -3.13371E-02  +6.62124E-01  -7.49394E-01  +7.49394E-01  +6.62124E-01
+2.79843E-02  -3.24981E-02  +6.62922E-01  -7.48688E-01  +7.48688E-01  +6.62922E-01
+2.90298E-02  -3.36777E-02  +6.63739E-01  -7.47964E-01  +7.47964E-01  +6.63739E-01
+3.00940E-02  -3.48755E-02  +6.64575E-01  -7.47222E-01  +7.47222E-01  +6.64575E-01
+3.11768E-02  -3.60915E-02  +6.65429E-01  -7.46461E-01  +7.46461E-01  +6.65429E-01
+3.22780E-02  -3.73254E-02  +6.66303E-01  -7.45681E-01  +7.45681E-01  +6.66303E-01
+3.33977E-02  -3.85770E-02  +6.67196E-01  -7.44882E-01  +7.44882E-01  +6.67196E-01
+3.45358E-02  -3.98460E-02  +6.68109E-01  -7.44064E-01  +7.44064E-01  +6.68109E-01
+3.56923E-02  -4.11324E-02  +6.69041E-01  -7.43226E-01  +7.43226E-01  +6.69041E-01
+3.68671E-02  -4.24358E-02  +6.69993E-01  -7.42368E-01  +7.42368E-01  +6.69993E-01
+3.80602E-02  -4.37561E-02  +6.70965E-01  -7.41489E-01  +7.41489E-01  +6.70965E-01
+3.92716E-02  -4.50929E-02  +6.71957E-01  -7.40591E-01  +7.40591E-01  +6.71957E-01
+4.05011E-02  -4.64462E-02  +6.72969E-01  -7.39671E-01  +7.39671E-01  +6.72969E-01
+4.17488E-02  -4.78156E-02  +6.74002E-01  -7.38730E-01  +7.38730E-01  +6.74002E-01
+4.30146E-02  -4.92010E-02  +6.75055E-01  -7.37767E-01  +7.37767E-01  +6.75055E-01
+4.42984E-02  -5.06020E-02  +6.76129E-01  -7.36783E-01  +7.36783E-01  +6.76129E-01
+4.56002E-02  -5.20185E-02  +6.77225E-01  -7.35776E-01  +7.35776E-01  +6.77225E-01
+4.69199E-02  -5.34501E-02  +6.78341E-01  -7.34747E-01  +7.34747E-01  +6.78341E-01
+4.82575E-02  -5.48967E-02  +6.79479E-01  -7.33695E-01  +7.33695E-01  +6.79479E-01
+4.96130E-02  -5.63580E-02  +6.80639E-01  -7.32619E-01  +7.32619E-01  +6.80639E-01
+5.09862E-02  -5.78337E-02  +6.81820E-01  -7.31520E-01  +7.31520E-01  +6.81820E-01
+5.23772E-02  -5.93236E-02  +6.83023E-01  -7.30397E-01  +7.30397E-01  +6.83023E-01
+5.37858E-02  -6.08274E-02  +6.84249E-01  -7.29249E-01  +7.29249E-01  +6.84249E-01
+5.52121E-02  -6.23449E-02  +6.85496E-01  -7.28076E-01  +7.28076E-01  +6.85496E-01
+5.66559E-02  -6.38757E-02  +6.86766E-01  -7.26878E-01  +7.26878E-01  +6.86766E-01
+5.81172E-02  -6.54196E-02  +6.88059E-01  -7.25654E-01  +7.25654E-01  +6.88059E-01
+5.95959E-02  -6.69763E-02  +6.89375E-01  -7.24405E-01  +7.24405E-01  +6.89375E-01
+6.10921E-02  -6.85456E-02  +6.90714E-01  -7.23128E-01  +7.23128E-01  +6.90714E-01
+6.26056E-02  -7.01271E-02  +6.92076E-01  -7.21825E-01  +7.21825E-01  +6.92076E-01
+6.41363E-02  -7.17206E-02  +6.93461E-01  -7.20494E-01  +7.20494E-01  +6.93461E-01
+6.56842E-02  -7.33257E-02  +6.94870E-01  -7.19135E-01  +7.19135E-01  +6.94870E-01
+6.72493E-02  -7.49423E-02  +6.96303E-01  -7.17748E-01  +7.17748E-01  +6.96303E-01
+6.88315E-02  -7.65699E-02  +6.97760E-01  -7.16332E-01  +7.16332E-01  +6.97760E-01
+7.04307E-02  -7.82082E-02  +6.99240E-01  -7.14887E-01  +7.14887E-01  +6.99240E-01
+7.20469E-02  -7.98571E-02  +7.00746E-01  -7.13411E-01  +7.13411E-01  +7.00746E-01
+7.36799E-02  -8.15161E-02  +7.02276E-01  -7.11905E-01  +7.11905E-01  +7.02276E-01
+7.53298E-02  -8.31850E-02  +7.03830E-01  -7.10368E-01  +7.10368E-01  +7.03830E-01
+7.69964E-02  -8.48634E-02  +7.05409E-01  -7.08800E-01  +7.08800E-01  +7.05409E-01
+7.86798E-02  -8.65510E-02  +7.07014E-01  -7.07200E-01  +7.07200E-01  +7.07014E-01
+8.03798E-02  -8.82475E-02  +7.08644E-01  -7.05566E-01  +7.05566E-01  +7.08644E-01
+8.20963E-02  -8.99526E-02  +7.10299E-01  -7.03900E-01  +7.03900E-01  +7.10299E-01
+8.38294E-02  -9.16659E-02  +7.11980E-01  -7.02200E-01  +7.02200E-01  +7.11980E-01
+8.55788E-02  -9.33872E-02  +7.13686E-01  -7.00465E-01  +7.00465E-01  +7.13686E-01
+8.73447E-02  -9.51160E-02  +7.15419E-01  -6.98696E-01  +6.98696E-01  +7.15419E-01
+8.91268E-02  -9.68521E-02  +7.17177E-01  -6.96891E-01  +6.96891E-01  +7.17177E-01
+9.09251E-02  -9.85951E-02  +7.18962E-01  -6.95049E-01  +6.95049E-01  +7.18962E-01
+9.27396E-02  -1.00345E-01  +7.20774E-01  -6.93170E-01  +6.93170E-01  +7.20774E-01
+9.45702E-02  -1.02100E-01  +7.22612E-01  -6.91254E-01  +6.91254E-01  +7.22612E-01
+9.64168E-02  -1.03862E-01  +7.24477E-01  -6.89299E-01  +6.89299E-01  +7.24477E-01
+9.82793E-02  -1.05629E-01  +7.26368E-01  -6.87306E-01  +6.87306E-01  +7.26368E-01
+1.00158E-01  -1.07402E-01  +7.28287E-01  -6.85272E-01  +6.85272E-01  +7.28287E-01
+1.02052E-01  -1.09179E-01  +7.30233E-01  -6.83198E-01  +6.83198E-01  +7.30233E-01
+1.03962E-01  -1.10961E-01  +7.32206E-01  -6.81083E-01  +6.81083E-01  +7.32206E-01
+1.05887E-01  -1.12746E-01  +7.34207E-01  -6.78926E-01  +6.78926E-01  +7.34207E-01
+1.07828E-01  -1.14536E-01  +7.36235E-01  -6.76726E-01  +6.76726E-01  +7.36235E-01
+1.09785E-01  -1.16329E-01  +7.38291E-01  -6.74482E-01  +6.74482E-01  +7.38291E-01
+1.11757E-01  -1.18125E-01  +7.40375E-01  -6.72194E-01  +6.72194E-01  +7.40375E-01
+1.13744E-01  -1.19923E-01  +7.42487E-01  -6.69860E-01  +6.69860E-01  +7.42487E-01
+1.15747E-01  -1.21724E-01  +7.44627E-01  -6.67481E-01  +6.67481E-01  +7.44627E-01
+1.17764E-01  -1.23527E-01  +7.46795E-01  -6.65054E-01  +6.65054E-01  +7.46795E-01
+1.19797E-01  -1.25331E-01  +7.48991E-01  -6.62580E-01  +6.62580E-01  +7.48991E-01
+1.21845E-01  -1.27137E-01  +7.51216E-01  -6.60057E-01  +6.60057E-01  +7.51216E-01
+1.23908E-01  -1.28943E-01  +7.53469E-01  -6.57484E-01  +6.57484E-01  +7.53469E-01
+1.25985E-01  -1.30750E-01  +7.55750E-01  -6.54860E-01  +6.54860E-01  +7.55750E-01
+1.28077E-01  -1.32556E-01  +7.58060E-01  -6.52185E-01  +6.52185E-01  +7.58060E-01
+1.30184E-01  -1.34362E-01  +7.60398E-01  -6.49458E-01  +6.49458E-01  +7.60398E-01
+1.32306E-01  -1.36168E-01  +7.62764E-01  -6.46676E-01  +6.46676E-01  +7.62764E-01
+1.34442E-01  -1.37972E-01  +7.65160E-01  -6.43841E-01  +6.43841E-01  +7.65160E-01
+1.36593E-01  -1.39775E-01  +7.67583E-01  -6.40949E-01  +6.40949E-01  +7.67583E-01
+1.38758E-01  -1.41575E-01  +7.70035E-01  -6.38001E-01  +6.38001E-01  +7.70035E-01
+1.40937E-01  -1.43374E-01  +7.72516E-01  -6.34996E-01  +6.34996E-01  +7.72516E-01
+1.43130E-01  -1.45169E-01  +7.75025E-01  -6.31931E-01  +6.31931E-01  +7.75025E-01
+1.45338E-01  -1.46962E-01  +7.77562E-01  -6.28807E-01  +6.28807E-01  +7.77562E-01
+1.47559E-01  -1.48751E-01  +7.80127E-01  -6.25621E-01  +6.25621E-01  +7.80127E-01
+1.49794E-01  -1.50536E-01  +7.82720E-01  -6.22374E-01  +6.22374E-01  +7.82720E-01
+1.52044E-01  -1.52317E-01  +7.85342E-01  -6.19063E-01  +6.19063E-01  +7.85342E-01
+1.54307E-01  -1.54092E-01  +7.87991E-01  -6.15687E-01  +6.15687E-01  +7.87991E-01
+1.56583E-01  -1.55863E-01  +7.90668E-01  -6.12246E-01  +6.12246E-01  +7.90668E-01
+1.58873E-01  -1.57629E-01  +7.93372E-01  -6.08737E-01  +6.08737E-01  +7.93372E-01
+1.61177E-01  -1.59388E-01  +7.96103E-01  -6.05161E-01  +6.05161E-01  +7.96103E-01
+1.63494E-01  -1.61141E-01  +7.98862E-01  -6.01515E-01  +6.01515E-01  +7.98862E-01
+1.65824E-01  -1.62887E-01  +8.01647E-01  -5.97798E-01  +5.97798E-01  +8.01647E-01
+1.68167E-01  -1.64626E-01  +8.04458E-01  -5.94009E-01  +5.94009E-01  +8.04458E-01
+1.70524E-01  -1.66357E-01  +8.07296E-01  -5.90147E-01  +5.90147E-01  +8.07296E-01
+1.72894E-01  -1.68081E-01  +8.10159E-01  -5.86210E-01  +5.86210E-01  +8.10159E-01
+1.75276E-01  -1.69796E-01  +8.13048E-01  -5.82197E-01  +5.82197E-01  +8.13048E-01
+1.77671E-01  -1.71502E-01  +8.15961E-01  -5.78107E-01  +5.78107E-01  +8.15961E-01
+1.80079E-01  -1.73199E-01  +8.18899E-01  -5.73938E-01  +5.73938E-01  +8.18899E-01
+1.82500E-01  -1.74886E-01  +8.21861E-01  -5.69688E-01  +5.69688E-01  +8.21861E-01
+1.84933E-01  -1.76563E-01  +8.24846E-01  -5.65357E-01  +5.65357E-01  +8.24846E-01
+1.87379E-01  -1.78230E-01  +8.27854E-01  -5.60943E-01  +5.60943E-01  +8.27854E-01
+1.89837E-01  -1.79885E-01  +8.30885E-01  -5.56445E-01  +5.56445E-01  +8.30885E-01
+1.92307E-01  -1.81530E-01  +8.33937E-01  -5.51860E-01  +5.51860E-01  +8.33937E-01
+1.94789E-01  -1.83163E-01  +8.37010E-01  -5.47188E-01  +5.47188E-01  +8.37010E-01
+1.97284E-01  -1.84783E-01  +8.40103E-01  -5.42427E-01  +5.42427E-01  +8.40103E-01
+1.99790E-01  -1.86391E-01  +8.43215E-01  -5.37576E-01  +5.37576E-01  +8.43215E-01
+2.02308E-01  -1.87986E-01  +8.46346E-01  -5.32633E-01  +5.32633E-01  +8.46346E-01
+2.04838E-01  -1.89568E-01  +8.49495E-01  -5.27597E-01  +5.27597E-01  +8.49495E-01
+2.07380E-01  -1.91136E-01  +8.52660E-01  -5.22466E-01  +5.22466E-01  +8.52660E-01
+2.09933E-01  -1.92690E-01  +8.55841E-01  -5.17239E-01  +5.17239E-01  +8.55841E-01
+2.12497E-01  -1.94229E-01  +8.59037E-01  -5.11913E-01  +5.11913E-01  +8.59037E-01
+2.15073E-01  -1.95753E-01  +8.62246E-01  -5.06489E-01  +5.06489E-01  +8.62246E-01
+2.17661E-01  -1.97262E-01  +8.65468E-01  -5.00964E-01  +5.00964E-01  +8.65468E-01
+2.20259E-01  -1.98755E-01  +8.68701E-01  -4.95337E-01  +4.95337E-01  +8.68701E-01
+2.22868E-01  -2.00231E-01  +8.71944E-01  -4.89606E-01  +4.89606E-01  +8.71944E-01
+2.25489E-01  -2.01691E-01  +8.75195E-01  -4.83770E-01  +4.83770E-01  +8.75195E-01
+2.28120E-01  -2.03134E-01  +8.78454E-01  -4.77827E-01  +4.77827E-01  +8.78454E-01
+2.30762E-01  -2.04559E-01  +8.81718E-01  -4.71776E-01  +4.71776E-01  +8.81718E-01
+2.33414E-01  -2.05967E-01  +8.84987E-01  -4.65616E-01  +4.65616E-01  +8.84987E-01
+2.36077E-01  -2.07356E-01  +8.88258E-01  -4.59345E-01  +4.59345E-01  +8.88258E-01
+2.38751E-01  -2.08726E-01  +8.91530E-01  -4.52962E-01  +4.52962E-01  +8.91530E-01
+2.41435E-01  -2.10077E-01  +8.94801E-01  -4.46466E-01  +4.46466E-01  +8.94801E-01
+2.44128E-01  -2.11409E-01  +8.98069E-01  -4.39855E-01  +4.39855E-01  +8.98069E-01
+2.46833E-01  -2.12721E-01  +9.01332E-01  -4.33128E-01  +4.33128E-01  +9.01332E-01
+2.49547E-01  -2.14013E-01  +9.04589E-01  -4.26284E-01  +4.26284E-01  +9.04589E-01
+2.52271E-01  -2.15284E-01  +9.07838E-01  -4.19322E-01  +4.19322E-01  +9.07838E-01
+2.55004E-01  -2.16534E-01  +9.11075E-01  -4.12241E-01  +4.12241E-01  +9.11075E-01
+2.57748E-01  -2.17762E-01  +9.14300E-01  -4.05039E-01  +4.05039E-01  +9.14300E-01
+2.60501E-01  -2.18968E-01  +9.17509E-01  -3.97716E-01  +3.97716E-01  +9.17509E-01
+2.63263E-01  -2.20153E-01  +9.20700E-01  -3.90270E-01  +3.90270E-01  +9.20700E-01
+2.66035E-01  -2.21314E-01  +9.23872E-01  -3.82702E-01  +3.82702E-01  +9.23872E-01
+2.68816E-01  -2.22453E-01  +9.27021E-01  -3.75010E-01  +3.75010E-01  +9.27021E-01
+2.71606E-01  -2.23568E-01  +9.30145E-01  -3.67193E-01  +3.67193E-01  +9.30145E-01
+2.74405E-01  -2.24659E-01  +9.33241E-01  -3.59252E-01  +3.59252E-01  +9.33241E-01
+2.77214E-01  -2.25726E-01  +9.36306E-01  -3.51185E-01  +3.51185E-01  +9.36306E-01
+2.80030E-01  -2.26769E-01  +9.39338E-01  -3.42992E-01  +3.42992E-01  +9.39338E-01
+2.82856E-01  -2.27786E-01  +9.42334E-01  -3.34673E-01  +3.34673E-01  +9.42334E-01
+2.85690E-01  -2.28779E-01  +9.45291E-01  -3.26227E-01  +3.26227E-01  +9.45291E-01
+2.88533E-01  -2.29745E-01  +9.48206E-01  -3.17656E-01  +3.17656E-01  +9.48206E-01
+2.91384E-01  -2.30686E-01  +9.51076E-01  -3.08958E-01  +3.08958E-01  +9.51076E-01
+2.94243E-01  -2.31600E-01  +9.53897E-01  -3.00134E-01  +3.00134E-01  +9.53897E-01
+2.97110E-01  -2.32488E-01  +9.56667E-01  -2.91184E-01  +2.91184E-01  +9.56667E-01
+2.99985E-01  -2.33348E-01  +9.59382E-01  -2.82109E-01  +2.82109E-01  +9.59382E-01
+3.02869E-01  -2.34181E-01  +9.62040E-01  -2.72910E-01  +2.72910E-01  +9.62040E-01
+3.05760E-01  -2.34986E-01  +9.64636E-01  -2.63587E-01  +2.63587E-01  +9.64636E-01
+3.08658E-01  -2.35763E-01  +9.67167E-01  -2.54141E-01  +2.54141E-01  +9.67167E-01
+3.11564E-01  -2.36511E-01  +9.69631E-01  -2.44573E-01  +2.44573E-01  +9.69631E-01
+3.14478E-01  -2.37231E-01  +9.72023E-01  -2.34885E-01  +2.34885E-01  +9.72023E-01
+3.17399E-01  -2.37921E-01  +9.74341E-01  -2.25078E-01  +2.25078E-01  +9.74341E-01
+3.20327E-01  -2.38582E-01  +9.76580E-01  -2.15153E-01  +2.15153E-01  +9.76580E-01
+3.23263E-01  -2.39213E-01  +9.78738E-01  -2.05113E-01  +2.05113E-01  +9.78738E-01
+3.26205E-01  -2.39813E-01  +9.80811E-01  -1.94959E-01  +1.94959E-01  +9.80811E-01
+3.29154E-01  -2.40384E-01  +9.82796E-01  -1.84694E-01  +1.84694E-01  +9.82796E-01
+3.32110E-01  -2.40923E-01  +9.84689E-01  -1.74319E-01  +1.74319E-01  +9.84689E-01
+3.35072E-01  -2.41431E-01  +9.86487E-01  -1.63838E-01  +1.63838E-01  +9.86487E-01
+3.38041E-01  -2.41908E-01  +9.88187E-01  -1.53254E-01  +1.53254E-01  +9.88187E-01
+3.41017E-01  -2.42353E-01  +9.89785E-01  -1.42568E-01  +1.42568E-01  +9.89785E-01
+3.43998E-01  -2.42766E-01  +9.91278E-01  -1.31784E-01  +1.31784E-01  +9.91278E-01
+3.46986E-01  -2.43146E-01  +9.92664E-01  -1.20906E-01  +1.20906E-01  +9.92664E-01
+3.49980E-01  -2.43494E-01  +9.93939E-01  -1.09937E-01  +1.09937E-01  +9.93939E-01
+3.52980E-01  -2.43809E-01  +9.95099E-01  -9.88800E-02  +9.88800E-02  +9.95099E-01
+3.55985E-01  -2.44091E-01  +9.96143E-01  -8.77397E-02  +8.77397E-02  +9.96143E-01
+3.58997E-01  -2.44339E-01  +9.97068E-01  -7.65198E-02  +7.65198E-02  +9.97068E-01
+3.62014E-01  -2.44554E-01  +9.97871E-01  -6.52245E-02  +6.52245E-02  +9.97871E-01
+3.65036E-01  -2.44734E-01  +9.98549E-01  -5.38581E-02  +5.38581E-02  +9.98549E-01
+3.68063E-01  -2.44880E-01  +9.99100E-01  -4.24252E-02  +4.24252E-02  +9.99100E-01
+3.71096E-01  -2.44991E-01  +9.99522E-01  -3.09305E-02  +3.09305E-02  +9.99522E-01
+3.74134E-01  -2.45068E-01  +9.99812E-01  -1.93787E-02  +1.93787E-02  +9.99812E-01
+3.77177E-01  -2.45109E-01  +9.99970E-01  -7.77482E-03  +7.77482E-03  +9.99970E-01
+3.80225E-01  -2.45115E-01  +9.99992E-01  +3.87608E-03  -3.87608E-03  +9.99992E-01
+3.83277E-01  -2.45085E-01  +9.99879E-01  +1.55688E-02  -1.55688E-02  +9.99879E-01
+3.86334E-01  -2.45020E-01  +9.99627E-01  +2.72980E-02  -2.72980E-02  +9.99627E-01
+3.89396E-01  -2.44918E-01  +9.99237E-01  +3.90584E-02  -3.90584E-02  +9.99237E-01
+3.92462E-01  -2.44780E-01  +9.98707E-01  +5.08444E-02  -5.08444E-02  +9.98707E-01
+3.95532E-01  -2.44606E-01  +9.98036E-01  +6.26504E-02  -6.26504E-02  +9.98036E-01
+3.98606E-01  -2.44394E-01  +9.97223E-01  +7.44709E-02  -7.44709E-02  +9.97223E-01
+4.01685E-01  -2.44146E-01  +9.96269E-01  +8.63002E-02  -8.63002E-02  +9.96269E-01
+4.04767E-01  -2.43861E-01  +9.95173E-01  +9.81326E-02  -9.81326E-02  +9.95173E-01
+4.07853E-01  -2.43538E-01  +9.93936E-01  +1.09962E-01  -1.09962E-01  +9.93936E-01
+4.10942E-01  -2.43177E-01  +9.92557E-01  +1.21784E-01  -1.21784E-01  +9.92557E-01
+4.14035E-01  -2.42779E-01  +9.91037E-01  +1.33591E-01  -1.33591E-01  +9.91037E-01
+4.17132E-01  -2.42343E-01  +9.89376E-01  +1.45378E-01  -1.45378E-01  +9.89376E-01
+4.20232E-01  -2.41868E-01  +9.87576E-01  +1.57140E-01  -1.57140E-01  +9.87576E-01
+4.23335E-01  -2.41356E-01  +9.85638E-01  +1.68871E-01  -1.68871E-01  +9.85638E-01
+4.26441E-01  -2.40805E-01  +9.83563E-01  +1.80566E-01  -1.80566E-01  +9.83563E-01
+4.29549E-01  -2.40215E-01  +9.81352E-01  +1.92218E-01  -1.92218E-01  +9.81352E-01
+4.32661E-01  -2.39586E-01  +9.79008E-01  +2.03823E-01  -2.03823E-01  +9.79008E-01
+4.35775E-01  -2.38919E-01  +9.76532E-01  +2.15374E-01  -2.15374E-01  +9.76532E-01
+4.38892E-01  -2.38212E-01  +9.73925E-01  +2.26868E-01  -2.26868E-01  +9.73925E-01
+4.42011E-01  -2.37466E-01  +9.71192E-01  +2.38299E-01  -2.38299E-01  +9.71192E-01
+4.45133E-01  -2.36681E-01  +9.68333E-01  +2.49662E-01  -2.49662E-01  +9.68333E-01
+4.48257E-01  -2.35856E-01  +9.65352E-01  +2.60952E-01  -2.60952E-01  +9.65352E-01
+4.51382E-01  -2.34991E-01  +9.62251E-01  +2.72164E-01  -2.72164E-01  +9.62251E-01
+4.54510E-01  -2.34087E-01  +9.59033E-01  +2.83294E-01  -2.83294E-01  +9.59033E-01
+4.57639E-01  -2.33143E-01  +9.55701E-01  +2.94339E-01  -2.94339E-01  +9.55701E-01
+4.60770E-01  -2.32159E-01  +9.52259E-01  +3.05292E-01  -3.05292E-01  +9.52259E-01
+4.63903E-01  -2.31135E-01  +9.48709E-01  +3.16152E-01  -3.16152E-01  +9.48709E-01
+4.67037E-01  -2.30070E-01  +9.45054E-01  +3.26913E-01  -3.26913E-01  +9.45054E-01
+4.70173E-01  -2.28966E-01  +9.41300E-01  +3.37572E-01  -3.37572E-01  +9.41300E-01
+4.73309E-01  -2.27821E-01  +9.37447E-01  +3.48127E-01  -3.48127E-01  +9.37447E-01
+4.76447E-01  -2.26636E-01  +9.33502E-01  +3.58573E-01  -3.58573E-01  +9.33502E-01
+4.79585E-01  -2.25410E-01  +9.29466E-01  +3.68907E-01  -3.68907E-01  +9.29466E-01
+4.82725E-01  -2.24144E-01  +9.25344E-01  +3.79127E-01  -3.79127E-01  +9.25344E-01
+4.85865E-01  -2.22837E-01  +9.21140E-01  +3.89231E-01  -3.89231E-01  +9.21140E-01
+4.89005E-01  -2.21490E-01  +9.16857E-01  +3.99215E-01  -3.99215E-01  +9.16857E-01
+4.92146E-01  -2.20102E-01  +9.12499E-01  +4.09078E-01  -4.09078E-01  +9.12499E-01
+4.95288E-01  -2.18674E-01  +9.08070E-01  +4.18817E-01  -4.18817E-01  +9.08070E-01
+4.98429E-01  -2.17204E-01  +9.03574E-01  +4.28432E-01  -4.28432E-01  +9.03574E-01
+5.01571E-01  -2.15695E-01  +8.99014E-01  +4.37919E-01  -4.37919E-01  +8.99014E-01
+5.04712E-01  -2.14144E-01  +8.94395E-01  +4.47278E-01  -4.47278E-01  +8.94395E-01
+5.07854E-01  -2.12552E-01  +8.89720E-01  +4.56507E-01  -4.56507E-01  +8.89720E-01
+5.10995E-01  -2.10920E-01  +8.84992E-01  +4.65606E-01  -4.65606E-01  +8.84992E-01
+5.14135E-01  -2.09248E-01  +8.80216E-01  +4.74573E-01  -4.74573E-01  +8.80216E-01
+5.17275E-01  -2.07534E-01  +8.75395E-01  +4.83408E-01  -4.83408E-01  +8.75395E-01
+5.20415E-01  -2.05780E-01  +8.70533E-01  +4.92110E-01  -4.92110E-01  +8.70533E-01
+5.23553E-01  -2.03985E-01  +8.65633E-01  +5.00679E-01  -5.00679E-01  +8.65633E-01
+5.26691E-01  -2.02150E-01  +8.60699E-01  +5.09114E-01  -5.09114E-01  +8.60699E-01
+5.29827E-01  -2.00274E-01  +8.55734E-01  +5.17416E-01  -5.17416E-01  +8.55734E-01
+5.32963E-01  -1.98358E-01  +8.50741E-01  +5.25584E-01  -5.25584E-01  +8.50741E-01
+5.36097E-01  -1.96401E-01  +8.45725E-01  +5.33619E-01  -5.33619E-01  +8.45725E-01
+5.39230E-01  -1.94404E-01  +8.40687E-01  +5.41521E-01  -5.41521E-01  +8.40687E-01
+5.42361E-01  -1.92366E-01  +8.35631E-01  +5.49291E-01  -5.49291E-01  +8.35631E-01
+5.45490E-01  -1.90288E-01  +8.30561E-01  +5.56928E-01  -5.56928E-01  +8.30561E-01
+5.48618E-01  -1.88170E-01  +8.25478E-01  +5.64434E-01  -5.64434E-01  +8.25478E-01
+5.51743E-01  -1.86012E-01  +8.20387E-01  +5.71809E-01  -5.71809E-01  +8.20387E-01
+5.54867E-01  -1.83814E-01  +8.15289E-01  +5.79055E-01  -5.79055E-01  +8.15289E-01
+5.57989E-01  -1.81577E-01  +8.10187E-01  +5.86172E-01  -5.86172E-01  +8.10187E-01
+5.61108E-01  -1.79299E-01  +8.05084E-01  +5.93161E-01  -5.93161E-01  +8.05084E-01
+5.64225E-01  -1.76982E-01  +7.99983E-01  +6.00023E-01  -6.00023E-01  +7.99983E-01
+5.67339E-01  -1.74626E-01  +7.94885E-01  +6.06760E-01  -6.06760E-01  +7.94885E-01
+5.70451E-01  -1.72230E-01  +7.89793E-01  +6.13373E-01  -6.13373E-01  +7.89793E-01
+5.73559E-01  -1.69795E-01  +7.84710E-01  +6.19863E-01  -6.19863E-01  +7.84710E-01
+5.76665E-01  -1.67321E-01  +7.79637E-01  +6.26232E-01  -6.26232E-01  +7.79637E-01
+5.79768E-01  -1.64808E-01  +7.74576E-01  +6.32480E-01  -6.32480E-01  +7.74576E-01
+5.82868E-01  -1.62256E-01  +7.69530E-01  +6.38611E-01  -6.38611E-01  +7.69530E-01
+5.85965E-01  -1.59666E-01  +7.64500E-01  +6.44624E-01  -6.44624E-01  +7.64500E-01
+5.89058E-01  -1.57037E-01  +7.59488E-01  +6.50521E-01  -6.50521E-01  +7.59488E-01
+5.92147E-01  -1.54370E-01  +7.54496E-01  +6.56305E-01  -6.56305E-01  +7.54496E-01
+5.95233E-01  -1.51665E-01  +7.49524E-01  +6.61977E-01  -6.61977E-01  +7.49524E-01
+5.98315E-01  -1.48922E-01  +7.44576E-01  +6.67538E-01  -6.67538E-01  +7.44576E-01
+6.01394E-01  -1.46142E-01  +7.39652E-01  +6.72990E-01  -6.72990E-01  +7.39652E-01
+6.04468E-01  -1.43324E-01  +7.34753E-01  +6.78335E-01  -6.78335E-01  +7.34753E-01
+6.07538E-01  -1.40469E-01  +7.29881E-01  +6.83574E-01  -6.83574E-01  +7.29881E-01
+6.10604E-01  -1.37578E-01  +7.25037E-01  +6.88710E-01  -6.88710E-01  +7.25037E-01
+6.13666E-01  -1.34649E-01  +7.20222E-01  +6.93743E-01  -6.93743E-01  +7.20222E-01
+6.16723E-01  -1.31684E-01  +7.15438E-01  +6.98677E-01  -6.98677E-01  +7.15438E-01
+6.19775E-01  -1.28683E-01  +7.10684E-01  +7.03511E-01  -7.03511E-01  +7.10684E-01
+6.22823E-01  -1.25645E-01  +7.05963E-01  +7.08249E-01  -7.08249E-01  +7.05963E-01
+6.25866E-01  -1.22572E-01  +7.01275E-01  +7.12891E-01  -7.12891E-01  +7.01275E-01
+6.28904E-01  -1.19464E-01  +6.96620E-01  +7.17440E-01  -7.17440E-01  +6.96620E-01
+6.31937E-01  -1.16320E-01  +6.92000E-01  +7.21897E-01  -7.21897E-01  +6.92000E-01
+6.34964E-01  -1.13142E-01  +6.87416E-01  +7.26264E-01  -7.26264E-01  +6.87416E-01
+6.37986E-01  -1.09928E-01  +6.82867E-01  +7.30543E-01  -7.30543E-01  +6.82867E-01
+6.41003E-01  -1.06681E-01  +6.78354E-01  +7.34735E-01  -7.34735E-01  +6.78354E-01
+6.44015E-01  -1.03399E-01  +6.73879E-01  +7.38842E-01  -7.38842E-01  +6.73879E-01
+6.47020E-01  -1.00084E-01  +6.69441E-01  +7.42865E-01  -7.42865E-01  +6.69441E-01
+6.50020E-01  -9.67353E-02  +6.65041E-01  +7.46807E-01  -7.46807E-01  +6.65041E-01
+6.53014E-01  -9.33535E-02  +6.60679E-01  +7.50668E-01  -7.50668E-01  +6.60679E-01
+6.56002E-01  -8.99389E-02  +6.56356E-01  +7.54451E-01  -7.54451E-01  +6.56356E-01
+6.58983E-01  -8.64919E-02  +6.52072E-01  +7.58157E-01  -7.58157E-01  +6.52072E-01
+6.61959E-01  -8.30128E-02  +6.47827E-01  +7.61788E-01  -7.61788E-01  +6.47827E-01
+6.64928E-01  -7.95019E-02  +6.43621E-01  +7.65344E-01  -7.65344E-01  +6.43621E-01
+6.67890E-01  -7.59596E-02  +6.39455E-01  +7.68828E-01  -7.68828E-01  +6.39455E-01
+6.70846E-01  -7.23862E-02  +6.35329E-01  +7.72241E-01  -7.72241E-01  +6.35329E-01
+6.73795E-01  -6.87822E-02  +6.31243E-01  +7.75585E-01  -7.75585E-01  +6.31243E-01
+6.76737E-01  -6.51478E-02  +6.27197E-01  +7.78861E-01  -7.78861E-01  +6.27197E-01
+6.79673E-01  -6.14835E-02  +6.23191E-01  +7.82070E-01  -7.82070E-01  +6.23191E-01
+6.82601E-01  -5.77896E-02  +6.19225E-01  +7.85214E-01  -7.85214E-01  +6.19225E-01
+6.85522E-01  -5.40665E-02  +6.15299E-01  +7.88294E-01  -7.88294E-01  +6.15299E-01
+6.88436E-01  -5.03146E-02  +6.11413E-01  +7.91312E-01  -7.91312E-01  +6.11413E-01
+6.91342E-01  -4.65343E-02  +6.07567E-01  +7.94268E-01  -7.94268E-01  +6.07567E-01
+6.94240E-01  -4.27260E-02  +6.03762E-01  +7.97165E-01  -7.97165E-01  +6.03762E-01
+6.97131E-01  -3.88901E-02  +5.99996E-01  +8.00003E-01  -8.00003E-01  +5.99996E-01
+7.00015E-01  -3.50271E-02  +5.96271E-01  +8.02783E-01  -8.02783E-01  +5.96271E-01
+7.02890E-01  -3.11373E-02  +5.92585E-01  +8.05508E-01  -8.05508E-01  +5.92585E-01
+7.05757E-01  -2.72212E-02  +5.88939E-01  +8.08178E-01  -8.08178E-01  +5.88939E-01
+7.08616E-01  -2.32792E-02  +5.85332E-01  +8.10794E-01  -8.10794E-01  +5.85332E-01
+7.11467E-01  -1.93117E-02  +5.81764E-01  +8.13357E-01  -8.13357E-01  +5.81764E-01
+7.14310E-01  -1.53192E-02  +5.78236E-01  +8.15869E-01  -8.15869E-01  +5.78236E-01
+7.17144E-01  -1.13022E-02  +5.74747E-01  +8.18331E-01  -8.18331E-01  +5.74747E-01
+7.19970E-01  -7.26098E-03  +5.71296E-01  +8.20744E-01  -8.20744E-01  +5.71296E-01
+7.22786E-01  -3.19614E-03  +5.67885E-01  +8.23108E-01  -8.23108E-01  +5.67885E-01
+7.25595E-01  +8.91895E-04  +5.64511E-01  +8.25425E-01  -8.25425E-01  +5.64511E-01
+7.28394E-01  +5.00266E-03  +5.61176E-01  +8.27697E-01  -8.27697E-01  +5.61176E-01
+7.31184E-01  +9.13568E-03  +5.57878E-01  +8.29923E-01  -8.29923E-01  +5.57878E-01
+7.33965E-01  +1.32905E-02  +5.54618E-01  +8.32105E-01  -8.32105E-01  +5.54618E-01
+7.36737E-01  +1.74666E-02  +5.51396E-01  +8.34244E-01  -8.34244E-01  +5.51396E-01
+7.39499E-01  +2.16635E-02  +5.48211E-01  +8.36340E-01  -8.36340E-01  +5.48211E-01
+7.42252E-01  +2.58807E-02  +5.45062E-01  +8.38396E-01  -8.38396E-01  +5.45062E-01
+7.44996E-01  +3.01178E-02  +5.41950E-01  +8.40411E-01  -8.40411E-01  +5.41950E-01
+7.47729E-01  +3.43742E-02  +5.38874E-01  +8.42386E-01  -8.42386E-01  +5.38874E-01
+7.50453E-01  +3.86494E-02  +5.35835E-01  +8.44323E-01  -8.44323E-01  +5.35835E-01
+7.53167E-01  +4.29429E-02  +5.32831E-01  +8.46222E-01  -8.46222E-01  +5.32831E-01
+7.55872E-01  +4.72543E-02  +5.29862E-01  +8.48084E-01  -8.48084E-01  +5.29862E-01
+7.58565E-01  +5.15829E-02  +5.26929E-01  +8.49909E-01  -8.49909E-01  +5.26929E-01
+7.61249E-01  +5.59282E-02  +5.24031E-01  +8.51699E-01  -8.51699E-01  +5.24031E-01
+7.63923E-01  +6.02898E-02  +5.21167E-01  +8.53455E-01  -8.53455E-01  +5.21167E-01
+7.66586E-01  +6.46671E-02  +5.18337E-01  +8.55177E-01  -8.55177E-01  +5.18337E-01
+7.69238E-01  +6.90596E-02  +5.15541E-01  +8.56865E-01  -8.56865E-01  +5.15541E-01
+7.71880E-01  +7.34667E-02  +5.12779E-01  +8.58521E-01  -8.58521E-01  +5.12779E-01
+7.74511E-01  +7.78879E-02  +5.10050E-01  +8.60145E-01  -8.60145E-01  +5.10050E-01
+7.77132E-01  +8.23227E-02  +5.07354E-01  +8.61738E-01  -8.61738E-01  +5.07354E-01
+7.79741E-01  +8.67704E-02  +5.04691E-01  +8.63300E-01  -8.63300E-01  +5.04691E-01
+7.82339E-01  +9.12307E-02  +5.02060E-01  +8.64833E-01  -8.64833E-01  +5.02060E-01
+7.84927E-01  +9.57028E-02  +4.99461E-01  +8.66337E-01  -8.66337E-01  +4.99461E-01
+7.87503E-01  +1.00186E-01  +4.96894E-01  +8.67811E-01  -8.67811E-01  +4.96894E-01
+7.90067E-01  +1.04681E-01  +4.94358E-01  +8.69258E-01  -8.69258E-01  +4.94358E-01
+7.92620E-01  +1.09185E-01  +4.91853E-01  +8.70678E-01  -8.70678E-01  +4.91853E-01
+7.95162E-01  +1.13699E-01  +4.89380E-01  +8.72071E-01  -8.72071E-01  +4.89380E-01
+7.97692E-01  +1.18222E-01  +4.86936E-01  +8.73437E-01  -8.73437E-01  +4.86936E-01
+8.00210E-01  +1.22754E-01  +4.84523E-01  +8.74778E-01  -8.74778E-01  +4.84523E-01
+8.02716E-01  +1.27294E-01  +4.82140E-01  +8.76094E-01  -8.76094E-01  +4.82140E-01
+8.05211E-01  +1.31841E-01  +4.79787E-01  +8.77385E-01  -8.77385E-01  +4.79787E-01
+8.07693E-01  +1.36394E-01  +4.77462E-01  +8.78652E-01  -8.78652E-01  +4.77462E-01
+8.10163E-01  +1.40954E-01  +4.75167E-01  +8.79896E-01  -8.79896E-01  +4.75167E-01
+8.12621E-01  +1.45520E-01  +4.72901E-01  +8.81116E-01  -8.81116E-01  +4.72901E-01
+8.15067E-01  +1.50091E-01  +4.70662E-01  +8.82313E-01  -8.82313E-01  +4.70662E-01
+8.17500E-01  +1.54666E-01  +4.68452E-01  +8.83489E-01  -8.83489E-01  +4.68452E-01
+8.19921E-01  +1.59245E-01  +4.66270E-01  +8.84642E-01  -8.84642E-01  +4.66270E-01
+8.22329E-01  +1.63827E-01  +4.64115E-01  +8.85775E-01  -8.85775E-01  +4.64115E-01
+8.24724E-01  +1.68412E-01  +4.61988E-01  +8.86886E-01  -8.86886E-01  +4.61988E-01
+8.27106E-01  +1.72999E-01  +4.59887E-01  +8.87977E-01  -8.87977E-01  +4.59887E-01
+8.29476E-01  +1.77587E-01  +4.57813E-01  +8.89048E-01  -8.89048E-01  +4.57813E-01
+8.31833E-01  +1.82176E-01  +4.55766E-01  +8.90100E-01  -8.90100E-01  +4.55766E-01
+8.34176E-01  +1.86766E-01  +4.53744E-01  +8.91132E-01  -8.91132E-01  +4.53744E-01
+8.36506E-01  +1.91355E-01  +4.51748E-01  +8.92145E-01  -8.92145E-01  +4.51748E-01
+8.38823E-01  +1.95943E-01  +4.49778E-01  +8.93140E-01  -8.93140E-01  +4.49778E-01
+8.41127E-01  +2.00530E-01  +4.47834E-01  +8.94117E-01  -8.94117E-01  +4.47834E-01
+8.43417E-01  +2.05115E-01  +4.45914E-01  +8.95076E-01  -8.95076E-01  +4.45914E-01
+8.45693E-01  +2.09697E-01  +4.44019E-01  +8.96018E-01  -8.96018E-01  +4.44019E-01
+8.47956E-01  +2.14275E-01  +4.42148E-01  +8.96942E-01  -8.96942E-01  +4.42148E-01
+8.50206E-01  +2.18850E-01  +4.40302E-01  +8.97850E-01  -8.97850E-01  +4.40302E-01
+8.52441E-01  +2.23420E-01  +4.38479E-01  +8.98741E-01  -8.98741E-01  +4.38479E-01
+8.54662E-01  +2.27985E-01  +4.36681E-01  +8.99617E-01  -8.99617E-01  +4.36681E-01
+8.56870E-01  +2.32544E-01  +4.34906E-01  +9.00476E-01  -9.00476E-01  +4.34906E-01
+8.59063E-01  +2.37096E-01  +4.33154E-01  +9.01320E-01  -9.01320E-01  +4.33154E-01
+8.61242E-01  +2.41642E-01  +4.31425E-01  +9.02149E-01  -9.02149E-01  +4.31425E-01
+8.63407E-01  +2.46180E-01  +4.29719E-01  +9.02963E-01  -9.02963E-01  +4.29719E-01
+8.65558E-01  +2.50710E-01  +4.28035E-01  +9.03762E-01  -9.03762E-01  +4.28035E-01
+8.67694E-01  +2.55231E-01  +4.26373E-01  +9.04547E-01  -9.04547E-01  +4.26373E-01
+8.69816E-01  +2.59743E-01  +4.24734E-01  +9.05318E-01  -9.05318E-01  +4.24734E-01
+8.71923E-01  +2.64244E-01  +4.23116E-01  +9.06075E-01  -9.06075E-01  +4.23116E-01
+8.74015E-01  +2.68735E-01  +4.21520E-01  +9.06819E-01  -9.06819E-01  +4.21520E-01
+8.76092E-01  +2.73215E-01  +4.19946E-01  +9.07549E-01  -9.07549E-01  +4.19946E-01
+8.78155E-01  +2.77682E-01  +4.18392E-01  +9.08267E-01  -9.08267E-01  +4.18392E-01
+8.80203E-01  +2.82138E-01  +4.16859E-01  +9.08971E-01  -9.08971E-01  +4.16859E-01
+8.82236E-01  +2.86580E-01  +4.15347E-01  +9.09663E-01  -9.09663E-01  +4.15347E-01
+8.84253E-01  +2.91009E-01  +4.13856E-01  +9.10342E-01  -9.10342E-01  +4.13856E-01
+8.86256E-01  +2.95423E-01  +4.12385E-01  +9.11010E-01  -9.11010E-01  +4.12385E-01
+8.88243E-01  +2.99823E-01  +4.10934E-01  +9.11665E-01  -9.11665E-01  +4.10934E-01
+8.90215E-01  +3.04207E-01  +4.09503E-01  +9.12309E-01  -9.12309E-01  +4.09503E-01
+8.92172E-01  +3.08574E-01  +4.08091E-01  +9.12941E-01  -9.12941E-01  +4.08091E-01
+8.94113E-01  +3.12926E-01  +4.06699E-01  +9.13562E-01  -9.13562E-01  +4.06699E-01
+8.96038E-01  +3.17260E-01  +4.05326E-01  +9.14172E-01  -9.14172E-01  +4.05326E-01
+8.97948E-01  +3.21576E-01  +4.03972E-01  +9.14771E-01  -9.14771E-01  +4.03972E-01
+8.99842E-01  +3.25874E-01  +4.02637E-01  +9.15360E-01  -9.15360E-01  +4.02637E-01
+9.01721E-01  +3.30152E-01  +4.01321E-01  +9.15937E-01  -9.15937E-01  +4.01321E-01
+9.03583E-01  +3.34411E-01  +4.00024E-01  +9.16505E-01  -9.16505E-01  +4.00024E-01
+9.05430E-01  +3.38650E-01  +3.98744E-01  +9.17062E-01  -9.17062E-01  +3.98744E-01
+9.07260E-01  +3.42868E-01  +3.97483E-01  +9.17609E-01  -9.17609E-01  +3.97483E-01
+9.09075E-01  +3.47065E-01  +3.96240E-01  +9.18147E-01  -9.18147E-01  +3.96240E-01
+9.10873E-01  +3.51239E-01  +3.95015E-01  +9.18675E-01  -9.18675E-01  +3.95015E-01
+9.12655E-01  +3.55392E-01  +3.93807E-01  +9.19193E-01  -9.19193E-01  +3.93807E-01
+9.14421E-01  +3.59521E-01  +3.92617E-01  +9.19702E-01  -9.19702E-01  +3.92617E-01
+9.16171E-01  +3.63626E-01  +3.91444E-01  +9.20202E-01  -9.20202E-01  +3.91444E-01
+9.17904E-01  +3.67707E-01  +3.90288E-01  +9.20693E-01  -9.20693E-01  +3.90288E-01
+9.19620E-01  +3.71764E-01  +3.89150E-01  +9.21175E-01  -9.21175E-01  +3.89150E-01
+9.21320E-01  +3.75795E-01  +3.88028E-01  +9.21648E-01  -9.21648E-01  +3.88028E-01
+9.23004E-01  +3.79800E-01  +3.86922E-01  +9.22112E-01  -9.22112E-01  +3.86922E-01
+9.24670E-01  +3.83778E-01  +3.85834E-01  +9.22568E-01  -9.22568E-01  +3.85834E-01
+9.26320E-01  +3.87730E-01  +3.84761E-01  +9.23016E-01  -9.23016E-01  +3.84761E-01
+9.27953E-01  +3.91653E-01  +3.83705E-01  +9.23456E-01  -9.23456E-01  +3.83705E-01
+9.29569E-01  +3.95549E-01  +3.82665E-01  +9.23887E-01  -9.23887E-01  +3.82665E-01
+9.31168E-01  +3.99416E-01  +3.81641E-01  +9.24311E-01  -9.24311E-01  +3.81641E-01
+9.32751E-01  +4.03254E-01  +3.80632E-01  +9.24726E-01  -9.24726E-01  +3.80632E-01
+9.34316E-01  +4.07062E-01  +3.79640E-01  +9.25134E-01  -9.25134E-01  +3.79640E-01
+9.35864E-01  +4.10840E-01  +3.78662E-01  +9.25535E-01  -9.25535E-01  +3.78662E-01
+9.37394E-01  +4.14587E-01  +3.77701E-01  +9.25928E-01  -9.25928E-01  +3.77701E-01
+9.38908E-01  +4.18303E-01  +3.76754E-01  +9.26313E-01  -9.26313E-01  +3.76754E-01
+9.40404E-01  +4.21987E-01  +3.75822E-01  +9.26692E-01  -9.26692E-01  +3.75822E-01
+9.41883E-01  +4.25638E-01  +3.74906E-01  +9.27063E-01  -9.27063E-01  +3.74906E-01
+9.43344E-01  +4.29257E-01  +3.74004E-01  +9.27427E-01  -9.27427E-01  +3.74004E-01
+9.44788E-01  +4.32842E-01  +3.73117E-01  +9.27784E-01  -9.27784E-01  +3.73117E-01
+9.46214E-01  +4.36393E-01  +3.72245E-01  +9.28135E-01  -9.28135E-01  +3.72245E-01
+9.47623E-01  +4.39910E-01  +3.71387E-01  +9.28478E-01  -9.28478E-01  +3.71387E-01
+9.49014E-01  +4.43392E-01  +3.70543E-01  +9.28815E-01  -9.28815E-01  +3.70543E-01
+9.50387E-01  +4.46839E-01  +3.69714E-01  +9.29146E-01  -9.29146E-01  +3.69714E-01
+9.51742E-01  +4.50250E-01  +3.68899E-01  +9.29470E-01  -9.29470E-01  +3.68899E-01
+9.53080E-01  +4.53624E-01  +3.68098E-01  +9.29787E-01  -9.29787E-01  +3.68098E-01
+9.54400E-01  +4.56962E-01  +3.67311E-01  +9.30098E-01  -9.30098E-01  +3.67311E-01
+9.55702E-01  +4.60262E-01  +3.66537E-01  +9.30403E-01  -9.30403E-01  +3.66537E-01
+9.56985E-01  +4.63525E-01  +3.65778E-01  +9.30702E-01  -9.30702E-01  +3.65778E-01
+9.58251E-01  +4.66749E-01  +3.65031E-01  +9.30995E-01  -9.30995E-01  +3.65031E-01
+9.59499E-01  +4.69935E-01  +3.64299E-01  +9.31282E-01  -9.31282E-01  +3.64299E-01
+9.60728E-01  +4.73082E-01  +3.63580E-01  +9.31563E-01  -9.31563E-01  +3.63580E-01
+9.61940E-01  +4.76189E-01  +3.62874E-01  +9.31838E-01  -9.31838E-01  +3.62874E-01
+9.63133E-01  +4.79256E-01  +3.62181E-01  +9.32108E-01  -9.32108E-01  +3.62181E-01
+9.64308E-01  +4.82283E-01  +3.61501E-01  +9.32372E-01  -9.32372E-01  +3.61501E-01
+9.65464E-01  +4.85269E-01  +3.60835E-01  +9.32630E-01  -9.32630E-01  +3.60835E-01
+9.66602E-01  +4.88214E-01  +3.60181E-01  +9.32882E-01  -9.32882E-01  +3.60181E-01
+9.67722E-01  +4.91117E-01  +3.59540E-01  +9.33130E-01  -9.33130E-01  +3.59540E-01
+9.68823E-01  +4.93978E-01  +3.58912E-01  +9.33371E-01  -9.33371E-01  +3.58912E-01
+9.69906E-01  +4.96796E-01  +3.58296E-01  +9.33608E-01  -9.33608E-01  +3.58296E-01
+9.70970E-01  +4.99572E-01  +3.57693E-01  +9.33839E-01  -9.33839E-01  +3.57693E-01
+9.72016E-01  +5.02304E-01  +3.57103E-01  +9.34065E-01  -9.34065E-01  +3.57103E-01
+9.73043E-01  +5.04993E-01  +3.56525E-01  +9.34286E-01  -9.34286E-01  +3.56525E-01
+9.74051E-01  +5.07637E-01  +3.55959E-01  +9.34502E-01  -9.34502E-01  +3.55959E-01
+9.75041E-01  +5.10238E-01  +3.55406E-01  +9.34712E-01  -9.34712E-01  +3.55406E-01
+9.76011E-01  +5.12793E-01  +3.54864E-01  +9.34918E-01  -9.34918E-01  +3.54864E-01
+9.76963E-01  +5.15303E-01  +3.54335E-01  +9.35119E-01  -9.35119E-01  +3.54335E-01
+9.77897E-01  +5.17768E-01  +3.53818E-01  +9.35314E-01  -9.35314E-01  +3.53818E-01
+9.78811E-01  +5.20187E-01  +3.53312E-01  +9.35505E-01  -9.35505E-01  +3.53312E-01
+9.79706E-01  +5.22560E-01  +3.52819E-01  +9.35692E-01  -9.35692E-01  +3.52819E-01
+9.80583E-01  +5.24886E-01  +3.52337E-01  +9.35873E-01  -9.35873E-01  +3.52337E-01
+9.81440E-01  +5.27166E-01  +3.51867E-01  +9.36050E-01  -9.36050E-01  +3.51867E-01
+9.82279E-01  +5.29398E-01  +3.51409E-01  +9.36222E-01  -9.36222E-01  +3.51409E-01
+9.83098E-01  +5.31583E-01  +3.50962E-01  +9.36390E-01  -9.36390E-01  +3.50962E-01
+9.83899E-01  +5.33720E-01  +3.50527E-01  +9.36553E-01  -9.36553E-01  +3.50527E-01
+9.84680E-01  +5.35809E-01  +3.50103E-01  +9.36711E-01  -9.36711E-01  +3.50103E-01
+9.85442E-01  +5.37849E-01  +3.49691E-01  +9.36865E-01  -9.36865E-01  +3.49691E-01
+9.86185E-01  +5.39841E-01  +3.49290E-01  +9.37015E-01  -9.37015E-01  +3.49290E-01
+9.86909E-01  +5.41784E-01  +3.48901E-01  +9.37160E-01  -9.37160E-01  +3.48901E-01
+9.87613E-01  +5.43677E-01  +3.48522E-01  +9.37301E-01  -9.37301E-01  +3.48522E-01
+9.88299E-01  +5.45522E-01  +3.48155E-01  +9.37437E-01  -9.37437E-01  +3.48155E-01
+9.88965E-01  +5.47316E-01  +3.47799E-01  +9.37569E-01  -9.37569E-01  +3.47799E-01
+9.89611E-01  +5.49060E-01  +3.47454E-01  +9.37697E-01  -9.37697E-01  +3.47454E-01
+9.90239E-01  +5.50755E-01  +3.47120E-01  +9.37821E-01  -9.37821E-01  +3.47120E-01
+9.90847E-01  +5.52398E-01  +3.46797E-01  +9.37940E-01  -9.37940E-01  +3.46797E-01
+9.91436E-01  +5.53991E-01  +3.46485E-01  +9.38055E-01  -9.38055E-01  +3.46485E-01
+9.92005E-01  +5.55533E-01  +3.46184E-01  +9.38167E-01  -9.38167E-01  +3.46184E-01
+9.92555E-01  +5.57024E-01  +3.45894E-01  +9.38274E-01  -9.38274E-01  +3.45894E-01
+9.93085E-01  +5.58463E-01  +3.45614E-01  +9.38377E-01  -9.38377E-01  +3.45614E-01
+9.93596E-01  +5.59851E-01  +3.45345E-01  +9.38476E-01  -9.38476E-01  +3.45345E-01
+9.94087E-01  +5.61187E-01  +3.45087E-01  +9.38571E-01  -9.38571E-01  +3.45087E-01
+9.94559E-01  +5.62472E-01  +3.44840E-01  +9.38662E-01  -9.38662E-01  +3.44840E-01
+9.95012E-01  +5.63704E-01  +3.44603E-01  +9.38748E-01  -9.38748E-01  +3.44603E-01
+9.95445E-01  +5.64883E-01  +3.44377E-01  +9.38831E-01  -9.38831E-01  +3.44377E-01
+9.95858E-01  +5.66010E-01  +3.44161E-01  +9.38911E-01  -9.38911E-01  +3.44161E-01
+9.96252E-01  +5.67085E-01  +3.43956E-01  +9.38986E-01  -9.38986E-01  +3.43956E-01
+9.96626E-01  +5.68107E-01  +3.43762E-01  +9.39057E-01  -9.39057E-01  +3.43762E-01
+9.96980E-01  +5.69075E-01  +3.43577E-01  +9.39124E-01  -9.39124E-01  +3.43577E-01
+9.97315E-01  +5.69991E-01  +3.43404E-01  +9.39188E-01  -9.39188E-01  +3.43404E-01
+9.97631E-01  +5.70854E-01  +3.43240E-01  +9.39248E-01  -9.39248E-01  +3.43240E-01
+9.97926E-01  +5.71663E-01  +3.43087E-01  +9.39303E-01  -9.39303E-01  +3.43087E-01
+9.98202E-01  +5.72419E-01  +3.42945E-01  +9.39356E-01  -9.39356E-01  +3.42945E-01
+9.98459E-01  +5.73121E-01  +3.42813E-01  +9.39404E-01  -9.39404E-01  +3.42813E-01
+9.98695E-01  +5.73770E-01  +3.42690E-01  +9.39448E-01  -9.39448E-01  +3.42690E-01
+9.98912E-01  +5.74365E-01  +3.42579E-01  +9.39489E-01  -9.39489E-01  +3.42579E-01
+9.99110E-01  +5.74906E-01  +3.42477E-01  +9.39526E-01  -9.39526E-01  +3.42477E-01
+9.99287E-01  +5.75393E-01  +3.42386E-01  +9.39559E-01  -9.39559E-01  +3.42386E-01
+9.99445E-01  +5.75826E-01  +3.42305E-01  +9.39589E-01  -9.39589E-01  +3.42305E-01
+9.99583E-01  +5.76205E-01  +3.42234E-01  +9.39615E-01  -9.39615E-01  +3.42234E-01
+9.99701E-01  +5.76530E-01  +3.42173E-01  +9.39637E-01  -9.39637E-01  +3.42173E-01
+9.99800E-01  +5.76801E-01  +3.42123E-01  +9.39655E-01  -9.39655E-01  +3.42123E-01
+9.99879E-01  +5.77018E-01  +3.42082E-01  +9.39670E-01  -9.39670E-01  +3.42082E-01
+9.99938E-01  +5.77181E-01  +3.42052E-01  +9.39681E-01  -9.39681E-01  +3.42052E-01
+9.99978E-01  +5.77289E-01  +3.42032E-01  +9.39688E-01  -9.39688E-01  +3.42032E-01
+9.99998E-01  +5.77343E-01  +3.42021E-01  +9.39692E-01  -9.39692E-01  +3.42021E-01
+1.00000E+00  +5.77350E-01  +3.42020E-01  +9.39693E-01  -9.39693E-01  +3.42020E-01
