#     x             y
+0.00000E+00  +0.00000E+00
+1.82985E-04  +1.48533E-04
+5.63870E-04  +4.28094E-04
+9.64590E-04  +6.84345E-04
+1.38508E-03  +9.17328E-04
+1.82528E-03  +1.12709E-03
+2.28513E-03  +1.31367E-03
+2.76455E-03  +1.47713E-03
+3.26349E-03  +1.61753E-03
+3.78187E-03  +1.73491E-03
+4.31962E-03  +1.82935E-03
+4.87669E-03  +1.90091E-03
+5.45299E-03  +1.94965E-03
+6.04846E-03  +1.97565E-03
+6.66303E-03  +1.97899E-03
+7.29662E-03  +1.95974E-03
+7.94916E-03  +1.91799E-03
+8.62058E-03  +1.85383E-03
+9.31080E-03  +1.76733E-03
+1.00198E-02  +1.65861E-03
+1.07474E-02  +1.52775E-03
+1.14935E-02  +1.37485E-03
+1.22582E-02  +1.20003E-03
+1.30413E-02  +1.00337E-03
+1.38428E-02  +7.85011E-04
+1.46624E-02  +5.45049E-04
+1.55003E-02  +2.83608E-04
+1.63563E-02  +8.08998E-07
+1.72303E-02  -3.03223E-04
+1.81222E-02  -6.28358E-04
+1.90320E-02  -9.74465E-04
+1.99596E-02  -1.34141E-03
+2.09048E-02  -1.72904E-03
+2.18677E-02  -2.13723E-03
+2.28480E-02  -2.56583E-03
+2.38458E-02  -3.01468E-03
+2.48609E-02  -3.48364E-03
+2.58933E-02  -3.97253E-03
+2.69428E-02  -4.48121E-03
+2.80094E-02  -5.00951E-03
+2.90930E-02  -5.55726E-03
+3.01935E-02  -6.12429E-03
+3.13108E-02  -6.71043E-03
+3.24448E-02  -7.31549E-03
+3.35954E-02  -7.93929E-03
+3.47626E-02  -8.58165E-03
+3.59462E-02  -9.24238E-03
+3.71461E-02  -9.92129E-03
+3.83623E-02  -1.06182E-02
+3.95947E-02  -1.13328E-02
+4.08431E-02  -1.20651E-02
+4.21074E-02  -1.28147E-02
+4.33876E-02  -1.35815E-02
+4.46836E-02  -1.43652E-02
+4.59953E-02  -1.51656E-02
+4.73225E-02  -1.59826E-02
+4.86652E-02  -1.68159E-02
+5.00233E-02  -1.76652E-02
+5.13967E-02  -1.85303E-02
+5.27852E-02  -1.94111E-02
+5.41889E-02  -2.03072E-02
+5.56075E-02  -2.12184E-02
+5.70409E-02  -2.21445E-02
+5.84892E-02  -2.30853E-02
+5.99521E-02  -2.40404E-02
+6.14295E-02  -2.50096E-02
+6.29215E-02  -2.59928E-02
+6.44278E-02  -2.69895E-02
+6.59483E-02  -2.79996E-02
+6.74830E-02  -2.90228E-02
+6.90318E-02  -3.00588E-02
+7.05945E-02  -3.11074E-02
+7.21710E-02  -3.21683E-02
+7.37612E-02  -3.32411E-02
+7.53651E-02  -3.43257E-02
+7.69825E-02  -3.54217E-02
+7.86133E-02  -3.65289E-02
+8.02574E-02  -3.76470E-02
+8.19146E-02  -3.87756E-02
+8.35850E-02  -3.99145E-02
+8.52683E-02  -4.10634E-02
+8.69645E-02  -4.22220E-02
+8.86734E-02  -4.33900E-02
+9.03949E-02  -4.45671E-02
+9.21290E-02  -4.57530E-02
+9.38755E-02  -4.69474E-02
+9.56343E-02  -4.81499E-02
+9.74053E-02  -4.93603E-02
+9.91884E-02  -5.05782E-02
+1.00983E-01  -5.18034E-02
+1.02790E-01  -5.30355E-02
+1.04609E-01  -5.42742E-02
+1.06439E-01  -5.55191E-02
+1.08281E-01  -5.67700E-02
+1.10134E-01  -5.80265E-02
+1.11999E-01  -5.92883E-02
+1.13874E-01  -6.05550E-02
+1.15761E-01  -6.18264E-02
+1.17658E-01  -6.31021E-02
+1.19567E-01  -6.43818E-02
+1.21486E-01  -6.56651E-02
+1.23416E-01  -6.69517E-02
+1.25356E-01  -6.82412E-02
+1.27306E-01  -6.95334E-02
+1.29267E-01  -7.08278E-02
+1.31238E-01  -7.21242E-02
+1.33219E-01  -7.34222E-02
+1.35209E-01  -7.47214E-02
+1.37210E-01  -7.60215E-02
+1.39220E-01  -7.73222E-02
+1.41239E-01  -7.86232E-02
+1.43269E-01  -7.99240E-02
+1.45307E-01  -8.12243E-02
+1.47354E-01  -8.25238E-02
+1.49411E-01  -8.38222E-02
+1.51476E-01  -8.51190E-02
+1.53551E-01  -8.64140E-02
+1.55634E-01  -8.77068E-02
+1.57725E-01  -8.89971E-02
+1.59825E-01  -9.02845E-02
+1.61933E-01  -9.15686E-02
+1.64050E-01  -9.28491E-02
+1.66175E-01  -9.41257E-02
+1.68307E-01  -9.53980E-02
+1.70448E-01  -9.66658E-02
+1.72596E-01  -9.79285E-02
+1.74752E-01  -9.91860E-02
+1.76915E-01  -1.00438E-01
+1.79086E-01  -1.01684E-01
+1.81264E-01  -1.02923E-01
+1.83449E-01  -1.04156E-01
+1.85642E-01  -1.05382E-01
+1.87841E-01  -1.06600E-01
+1.90047E-01  -1.07811E-01
+1.92259E-01  -1.09014E-01
+1.94479E-01  -1.10209E-01
+1.96705E-01  -1.11395E-01
+1.98937E-01  -1.12572E-01
+2.01175E-01  -1.13739E-01
+2.03420E-01  -1.14897E-01
+2.05670E-01  -1.16045E-01
+2.07927E-01  -1.17183E-01
+2.10189E-01  -1.18311E-01
+2.12457E-01  -1.19427E-01
+2.14731E-01  -1.20532E-01
+2.17011E-01  -1.21626E-01
+2.19295E-01  -1.22708E-01
+2.21585E-01  -1.23778E-01
+2.23881E-01  -1.24836E-01
+2.26181E-01  -1.25881E-01
+2.28486E-01  -1.26913E-01
+2.30797E-01  -1.27931E-01
+2.33112E-01  -1.28937E-01
+2.35432E-01  -1.29928E-01
+2.37757E-01  -1.30905E-01
+2.40087E-01  -1.31868E-01
+2.42421E-01  -1.32817E-01
+2.44759E-01  -1.33750E-01
+2.47102E-01  -1.34669E-01
+2.49449E-01  -1.35572E-01
+2.51801E-01  -1.36459E-01
+2.54156E-01  -1.37331E-01
+2.56516E-01  -1.38187E-01
+2.58880E-01  -1.39026E-01
+2.61248E-01  -1.39848E-01
+2.63620E-01  -1.40654E-01
+2.65996E-01  -1.41443E-01
+2.68376E-01  -1.42214E-01
+2.70760E-01  -1.42968E-01
+2.73148E-01  -1.43705E-01
+2.75540E-01  -1.44423E-01
+2.77935E-01  -1.45124E-01
+2.80334E-01  -1.45806E-01
+2.82737E-01  -1.46469E-01
+2.85144E-01  -1.47114E-01
+2.87555E-01  -1.47740E-01
+2.89970E-01  -1.48347E-01
+2.92388E-01  -1.48935E-01
+2.94811E-01  -1.49504E-01
+2.97237E-01  -1.50052E-01
+2.99667E-01  -1.50581E-01
+3.02101E-01  -1.51091E-01
+3.04540E-01  -1.51580E-01
+3.06982E-01  -1.52048E-01
+3.09429E-01  -1.52497E-01
+3.11879E-01  -1.52925E-01
+3.14334E-01  -1.53332E-01
+3.16794E-01  -1.53718E-01
+3.19258E-01  -1.54083E-01
+3.21727E-01  -1.54427E-01
+3.24200E-01  -1.54750E-01
+3.26678E-01  -1.55051E-01
+3.29161E-01  -1.55330E-01
+3.31649E-01  -1.55587E-01
+3.34142E-01  -1.55823E-01
+3.36641E-01  -1.56036E-01
+3.39145E-01  -1.56227E-01
+3.41654E-01  -1.56396E-01
+3.44170E-01  -1.56542E-01
+3.46691E-01  -1.56665E-01
+3.49218E-01  -1.56765E-01
+3.51752E-01  -1.56842E-01
+3.54291E-01  -1.56895E-01
+3.56838E-01  -1.56925E-01
+3.59391E-01  -1.56932E-01
+3.61951E-01  -1.56914E-01
+3.64519E-01  -1.56872E-01
+3.67093E-01  -1.56806E-01
+3.69675E-01  -1.56716E-01
+3.72265E-01  -1.56601E-01
+3.74862E-01  -1.56460E-01
+3.77467E-01  -1.56295E-01
+3.80081E-01  -1.56104E-01
+3.82703E-01  -1.55888E-01
+3.85333E-01  -1.55646E-01
+3.87972E-01  -1.55377E-01
+3.90620E-01  -1.55082E-01
+3.93277E-01  -1.54761E-01
+3.95943E-01  -1.54413E-01
+3.98619E-01  -1.54038E-01
+4.01303E-01  -1.53635E-01
+4.03998E-01  -1.53205E-01
+4.06702E-01  -1.52746E-01
+4.09415E-01  -1.52260E-01
+4.12139E-01  -1.51745E-01
+4.14872E-01  -1.51201E-01
+4.17616E-01  -1.50628E-01
+4.20370E-01  -1.50026E-01
+4.23133E-01  -1.49394E-01
+4.25907E-01  -1.48733E-01
+4.28692E-01  -1.48041E-01
+4.31486E-01  -1.47319E-01
+4.34291E-01  -1.46566E-01
+4.37106E-01  -1.45782E-01
+4.39931E-01  -1.44966E-01
+4.42767E-01  -1.44119E-01
+4.45613E-01  -1.43240E-01
+4.48469E-01  -1.42330E-01
+4.51335E-01  -1.41386E-01
+4.54210E-01  -1.40410E-01
+4.57096E-01  -1.39402E-01
+4.59992E-01  -1.38360E-01
+4.62897E-01  -1.37284E-01
+4.65812E-01  -1.36176E-01
+4.68736E-01  -1.35033E-01
+4.71669E-01  -1.33856E-01
+4.74611E-01  -1.32646E-01
+4.77563E-01  -1.31401E-01
+4.80523E-01  -1.30121E-01
+4.83491E-01  -1.28806E-01
+4.86468E-01  -1.27457E-01
+4.89453E-01  -1.26073E-01
+4.92446E-01  -1.24653E-01
+4.95446E-01  -1.23198E-01
+4.98454E-01  -1.21708E-01
+5.01469E-01  -1.20182E-01
+5.04491E-01  -1.18621E-01
+5.07520E-01  -1.17024E-01
+5.10555E-01  -1.15391E-01
+5.13596E-01  -1.13722E-01
+5.16643E-01  -1.12018E-01
+5.19695E-01  -1.10277E-01
+5.22753E-01  -1.08501E-01
+5.25816E-01  -1.06689E-01
+5.28884E-01  -1.04841E-01
+5.31956E-01  -1.02957E-01
+5.35032E-01  -1.01037E-01
+5.38112E-01  -9.90812E-02
+5.41196E-01  -9.70897E-02
+5.44283E-01  -9.50626E-02
+5.47373E-01  -9.29997E-02
+5.50465E-01  -9.09014E-02
+5.53560E-01  -8.87676E-02
+5.56658E-01  -8.65984E-02
+5.59756E-01  -8.43940E-02
+5.62857E-01  -8.21544E-02
+5.65959E-01  -7.98799E-02
+5.69061E-01  -7.75706E-02
+5.72164E-01  -7.52266E-02
+5.75268E-01  -7.28480E-02
+5.78371E-01  -7.04352E-02
+5.81475E-01  -6.79881E-02
+5.84578E-01  -6.55071E-02
+5.87680E-01  -6.29924E-02
+5.90781E-01  -6.04440E-02
+5.93881E-01  -5.78624E-02
+5.96979E-01  -5.52476E-02
+6.00075E-01  -5.25999E-02
+6.03169E-01  -4.99196E-02
+6.06261E-01  -4.72069E-02
+6.09350E-01  -4.44621E-02
+6.12436E-01  -4.16854E-02
+6.15519E-01  -3.88771E-02
+6.18599E-01  -3.60374E-02
+6.21675E-01  -3.31667E-02
+6.24747E-01  -3.02652E-02
+6.27815E-01  -2.73333E-02
+6.30878E-01  -2.43711E-02
+6.33937E-01  -2.13792E-02
+6.36991E-01  -1.83576E-02
+6.40040E-01  -1.53069E-02
+6.43084E-01  -1.22272E-02
+6.46122E-01  -9.11899E-03
+6.49155E-01  -5.98251E-03
+6.52181E-01  -2.81812E-03
+6.55202E-01  +3.73818E-04
+6.58216E-01  +3.59297E-03
+6.61224E-01  +6.83898E-03
+6.64225E-01  +1.01115E-02
+6.67218E-01  +1.34101E-02
+6.70205E-01  +1.67345E-02
+6.73185E-01  +2.00843E-02
+6.76157E-01  +2.34591E-02
+6.79121E-01  +2.68585E-02
+6.82078E-01  +3.02822E-02
+6.85026E-01  +3.37298E-02
+6.87966E-01  +3.72008E-02
+6.90898E-01  +4.06949E-02
+6.93822E-01  +4.42116E-02
+6.96736E-01  +4.77507E-02
+6.99642E-01  +5.13116E-02
+7.02539E-01  +5.48939E-02
+7.05427E-01  +5.84972E-02
+7.08305E-01  +6.21212E-02
+7.11174E-01  +6.57654E-02
+7.14033E-01  +6.94293E-02
+7.16882E-01  +7.31126E-02
+7.19722E-01  +7.68147E-02
+7.22551E-01  +8.05354E-02
+7.25370E-01  +8.42741E-02
+7.28179E-01  +8.80303E-02
+7.30978E-01  +9.18037E-02
+7.33765E-01  +9.55939E-02
+7.36543E-01  +9.94002E-02
+7.39309E-01  +1.03222E-01
+7.42064E-01  +1.07060E-01
+7.44808E-01  +1.10912E-01
+7.47542E-01  +1.14779E-01
+7.50263E-01  +1.18660E-01
+7.52973E-01  +1.22554E-01
+7.55672E-01  +1.26462E-01
+7.58359E-01  +1.30382E-01
+7.61034E-01  +1.34314E-01
+7.63698E-01  +1.38257E-01
+7.66349E-01  +1.42212E-01
+7.68988E-01  +1.46178E-01
+7.71616E-01  +1.50153E-01
+7.74230E-01  +1.54139E-01
+7.76833E-01  +1.58133E-01
+7.79423E-01  +1.62136E-01
+7.82000E-01  +1.66148E-01
+7.84564E-01  +1.70167E-01
+7.87116E-01  +1.74194E-01
+7.89655E-01  +1.78227E-01
+7.92181E-01  +1.82266E-01
+7.94694E-01  +1.86312E-01
+7.97194E-01  +1.90362E-01
+7.99680E-01  +1.94418E-01
+8.02153E-01  +1.98477E-01
+8.04613E-01  +2.02541E-01
+8.07059E-01  +2.06607E-01
+8.09492E-01  +2.10677E-01
+8.11911E-01  +2.14748E-01
+8.14316E-01  +2.18821E-01
+8.16708E-01  +2.22896E-01
+8.19086E-01  +2.26971E-01
+8.21449E-01  +2.31047E-01
+8.23799E-01  +2.35122E-01
+8.26134E-01  +2.39196E-01
+8.28455E-01  +2.43269E-01
+8.30762E-01  +2.47340E-01
+8.33055E-01  +2.51409E-01
+8.35333E-01  +2.55475E-01
+8.37597E-01  +2.59537E-01
+8.39846E-01  +2.63595E-01
+8.42081E-01  +2.67649E-01
+8.44301E-01  +2.71698E-01
+8.46506E-01  +2.75742E-01
+8.48696E-01  +2.79779E-01
+8.50871E-01  +2.83810E-01
+8.53032E-01  +2.87834E-01
+8.55177E-01  +2.91851E-01
+8.57307E-01  +2.95859E-01
+8.59422E-01  +2.99858E-01
+8.61522E-01  +3.03849E-01
+8.63607E-01  +3.07830E-01
+8.65676E-01  +3.11800E-01
+8.67730E-01  +3.15760E-01
+8.69768E-01  +3.19709E-01
+8.71791E-01  +3.23646E-01
+8.73798E-01  +3.27570E-01
+8.75790E-01  +3.31482E-01
+8.77765E-01  +3.35381E-01
+8.79726E-01  +3.39266E-01
+8.81670E-01  +3.43136E-01
+8.83598E-01  +3.46992E-01
+8.85510E-01  +3.50832E-01
+8.87407E-01  +3.54657E-01
+8.89287E-01  +3.58465E-01
+8.91151E-01  +3.62256E-01
+8.92999E-01  +3.66029E-01
+8.94831E-01  +3.69785E-01
+8.96647E-01  +3.73523E-01
+8.98446E-01  +3.77241E-01
+9.00228E-01  +3.80940E-01
+9.01995E-01  +3.84620E-01
+9.03745E-01  +3.88278E-01
+9.05478E-01  +3.91916E-01
+9.07194E-01  +3.95533E-01
+9.08894E-01  +3.99127E-01
+9.10578E-01  +4.02700E-01
+9.12244E-01  +4.06249E-01
+9.13894E-01  +4.09775E-01
+9.15526E-01  +4.13277E-01
+9.17142E-01  +4.16755E-01
+9.18741E-01  +4.20208E-01
+9.20323E-01  +4.23635E-01
+9.21888E-01  +4.27037E-01
+9.23435E-01  +4.30413E-01
+9.24966E-01  +4.33762E-01
+9.26479E-01  +4.37084E-01
+9.27975E-01  +4.40378E-01
+9.29454E-01  +4.43644E-01
+9.30915E-01  +4.46882E-01
+9.32359E-01  +4.50091E-01
+9.33786E-01  +4.53270E-01
+9.35194E-01  +4.56419E-01
+9.36586E-01  +4.59538E-01
+9.37960E-01  +4.62627E-01
+9.39316E-01  +4.65684E-01
+9.40654E-01  +4.68709E-01
+9.41975E-01  +4.71703E-01
+9.43278E-01  +4.74664E-01
+9.44563E-01  +4.77592E-01
+9.45830E-01  +4.80487E-01
+9.47080E-01  +4.83348E-01
+9.48311E-01  +4.86175E-01
+9.49525E-01  +4.88967E-01
+9.50720E-01  +4.91725E-01
+9.51897E-01  +4.94447E-01
+9.53057E-01  +4.97134E-01
+9.54198E-01  +4.99784E-01
+9.55320E-01  +5.02399E-01
+9.56425E-01  +5.04976E-01
+9.57512E-01  +5.07516E-01
+9.58580E-01  +5.10018E-01
+9.59629E-01  +5.12483E-01
+9.60661E-01  +5.14910E-01
+9.61674E-01  +5.17297E-01
+9.62668E-01  +5.19646E-01
+9.63644E-01  +5.21956E-01
+9.64601E-01  +5.24226E-01
+9.65540E-01  +5.26456E-01
+9.66461E-01  +5.28645E-01
+9.67362E-01  +5.30794E-01
+9.68245E-01  +5.32903E-01
+9.69109E-01  +5.34970E-01
+9.69955E-01  +5.36995E-01
+9.70782E-01  +5.38979E-01
+9.71590E-01  +5.40921E-01
+9.72379E-01  +5.42820E-01
+9.73149E-01  +5.44677E-01
+9.73901E-01  +5.46491E-01
+9.74633E-01  +5.48261E-01
+9.75347E-01  +5.49988E-01
+9.76042E-01  +5.51672E-01
+9.76717E-01  +5.53312E-01
+9.77374E-01  +5.54907E-01
+9.78012E-01  +5.56458E-01
+9.78630E-01  +5.57965E-01
+9.79230E-01  +5.59427E-01
+9.79810E-01  +5.60843E-01
+9.80371E-01  +5.62215E-01
+9.80913E-01  +5.63541E-01
+9.81436E-01  +5.64821E-01
+9.81940E-01  +5.66055E-01
+9.82425E-01  +5.67244E-01
+9.82890E-01  +5.68386E-01
+9.83336E-01  +5.69482E-01
+9.83763E-01  +5.70532E-01
+9.84170E-01  +5.71535E-01
+9.84558E-01  +5.72491E-01
+9.84927E-01  +5.73400E-01
+9.85277E-01  +5.74262E-01
+9.85607E-01  +5.75077E-01
+9.85918E-01  +5.75844E-01
+9.86209E-01  +5.76564E-01
+9.86482E-01  +5.77237E-01
+9.86734E-01  +5.77862E-01
+9.86968E-01  +5.78439E-01
+9.87181E-01  +5.78968E-01
+9.87376E-01  +5.79450E-01
+9.87551E-01  +5.79883E-01
+9.87707E-01  +5.80269E-01
+9.87843E-01  +5.80606E-01
+9.87960E-01  +5.80896E-01
+9.88057E-01  +5.81137E-01
+9.88135E-01  +5.81330E-01
+9.88193E-01  +5.81475E-01
+9.88232E-01  +5.81571E-01
+9.88251E-01  +5.81619E-01
+9.88254E-01  +5.81626E-01
