#     x       bernstein00   bernstein01   bernstein02   bernstein03
+0.00000E+00  +1.50000E-01  +0.00000E+00  +0.00000E+00  +0.00000E+00
+5.02513E-03  +1.47750E-01  +2.98485E-03  +2.26125E-05  +3.80682E-08
+1.00503E-02  +1.45523E-01  +5.90955E-03  +8.99932E-05  +3.04545E-07
+1.50754E-02  +1.43318E-01  +8.77456E-03  +2.01457E-04  +1.02784E-06
+2.01005E-02  +1.41135E-01  +1.15803E-02  +3.56318E-04  +2.43636E-06
+2.51256E-02  +1.38975E-01  +1.43273E-02  +5.53892E-04  +4.75852E-06
+3.01508E-02  +1.36837E-01  +1.70160E-02  +7.93493E-04  +8.22273E-06
+3.51759E-02  +1.34721E-01  +1.96468E-02  +1.07444E-03  +1.30574E-05
+4.02010E-02  +1.32627E-01  +2.22202E-02  +1.39604E-03  +1.94909E-05
+4.52261E-02  +1.30555E-01  +2.47367E-02  +1.75761E-03  +2.77517E-05
+5.02513E-02  +1.28504E-01  +2.71967E-02  +2.15847E-03  +3.80682E-05
+5.52764E-02  +1.26475E-01  +2.96006E-02  +2.59792E-03  +5.06687E-05
+6.03015E-02  +1.24468E-01  +3.19489E-02  +3.07530E-03  +6.57818E-05
+6.53266E-02  +1.22482E-01  +3.42422E-02  +3.58990E-03  +8.36358E-05
+7.03518E-02  +1.20517E-01  +3.64807E-02  +4.14106E-03  +1.04459E-04
+7.53769E-02  +1.18573E-01  +3.86651E-02  +4.72807E-03  +1.28480E-04
+8.04020E-02  +1.16650E-01  +4.07957E-02  +5.35025E-03  +1.55927E-04
+8.54271E-02  +1.14748E-01  +4.28730E-02  +6.00693E-03  +1.87029E-04
+9.04523E-02  +1.12867E-01  +4.48975E-02  +6.69741E-03  +2.22014E-04
+9.54774E-02  +1.11007E-01  +4.68695E-02  +7.42101E-03  +2.61110E-04
+1.00503E-01  +1.09167E-01  +4.87897E-02  +8.17704E-03  +3.04545E-04
+1.05528E-01  +1.07348E-01  +5.06584E-02  +8.96483E-03  +3.52549E-04
+1.10553E-01  +1.05548E-01  +5.24761E-02  +9.78367E-03  +4.05350E-04
+1.15578E-01  +1.03770E-01  +5.42432E-02  +1.06329E-02  +4.63175E-04
+1.20603E-01  +1.02011E-01  +5.59602E-02  +1.15118E-02  +5.26254E-04
+1.25628E-01  +1.00272E-01  +5.76276E-02  +1.24197E-02  +5.94815E-04
+1.30653E-01  +9.85531E-02  +5.92458E-02  +1.33560E-02  +6.69086E-04
+1.35678E-01  +9.68540E-02  +6.08153E-02  +1.43199E-02  +7.49296E-04
+1.40704E-01  +9.51744E-02  +6.23365E-02  +1.53107E-02  +8.35673E-04
+1.45729E-01  +9.35145E-02  +6.38099E-02  +1.63278E-02  +9.28445E-04
+1.50754E-01  +9.18739E-02  +6.52359E-02  +1.73705E-02  +1.02784E-03
+1.55779E-01  +9.02526E-02  +6.66150E-02  +1.84381E-02  +1.13409E-03
+1.60804E-01  +8.86506E-02  +6.79477E-02  +1.95299E-02  +1.24742E-03
+1.65829E-01  +8.70675E-02  +6.92344E-02  +2.06452E-02  +1.36806E-03
+1.70854E-01  +8.55035E-02  +7.04756E-02  +2.17834E-02  +1.49623E-03
+1.75879E-01  +8.39583E-02  +7.16717E-02  +2.29437E-02  +1.63217E-03
+1.80905E-01  +8.24318E-02  +7.28232E-02  +2.41255E-02  +1.77611E-03
+1.85930E-01  +8.09240E-02  +7.39305E-02  +2.53280E-02  +1.92827E-03
+1.90955E-01  +7.94346E-02  +7.49941E-02  +2.65507E-02  +2.08888E-03
+1.95980E-01  +7.79636E-02  +7.60145E-02  +2.77928E-02  +2.25817E-03
+2.01005E-01  +7.65109E-02  +7.69921E-02  +2.90536E-02  +2.43636E-03
+2.06030E-01  +7.50764E-02  +7.79274E-02  +3.03325E-02  +2.62370E-03
+2.11055E-01  +7.36599E-02  +7.88208E-02  +3.16287E-02  +2.82039E-03
+2.16080E-01  +7.22613E-02  +7.96727E-02  +3.29416E-02  +3.02669E-03
+2.21106E-01  +7.08806E-02  +8.04837E-02  +3.42705E-02  +3.24280E-03
+2.26131E-01  +6.95175E-02  +8.12542E-02  +3.56147E-02  +3.46896E-03
+2.31156E-01  +6.81720E-02  +8.19847E-02  +3.69735E-02  +3.70540E-03
+2.36181E-01  +6.68441E-02  +8.26755E-02  +3.83462E-02  +3.95235E-03
+2.41206E-01  +6.55334E-02  +8.33273E-02  +3.97322E-02  +4.21004E-03
+2.46231E-01  +6.42400E-02  +8.39403E-02  +4.11308E-02  +4.47868E-03
+2.51256E-01  +6.29638E-02  +8.45151E-02  +4.25412E-02  +4.75852E-03
+2.56281E-01  +6.17045E-02  +8.50522E-02  +4.39628E-02  +5.04978E-03
+2.61307E-01  +6.04622E-02  +8.55520E-02  +4.53949E-02  +5.35269E-03
+2.66332E-01  +5.92367E-02  +8.60149E-02  +4.68369E-02  +5.66748E-03
+2.71357E-01  +5.80278E-02  +8.64414E-02  +4.82880E-02  +5.99437E-03
+2.76382E-01  +5.68355E-02  +8.68320E-02  +4.97475E-02  +6.33359E-03
+2.81407E-01  +5.56596E-02  +8.71871E-02  +5.12148E-02  +6.68538E-03
+2.86432E-01  +5.45001E-02  +8.75072E-02  +5.26892E-02  +7.04996E-03
+2.91457E-01  +5.33567E-02  +8.77927E-02  +5.41699E-02  +7.42756E-03
+2.96482E-01  +5.22295E-02  +8.80441E-02  +5.56564E-02  +7.81840E-03
+3.01508E-01  +5.11183E-02  +8.82618E-02  +5.71479E-02  +8.22273E-03
+3.06533E-01  +5.00229E-02  +8.84464E-02  +5.86438E-02  +8.64075E-03
+3.11558E-01  +4.89434E-02  +8.85982E-02  +6.01433E-02  +9.07271E-03
+3.16583E-01  +4.78794E-02  +8.87177E-02  +6.16458E-02  +9.51883E-03
+3.21608E-01  +4.68310E-02  +8.88054E-02  +6.31505E-02  +9.97934E-03
+3.26633E-01  +4.57980E-02  +8.88618E-02  +6.46569E-02  +1.04545E-02
+3.31658E-01  +4.47803E-02  +8.88872E-02  +6.61642E-02  +1.09444E-02
+3.36683E-01  +4.37778E-02  +8.88822E-02  +6.76717E-02  +1.14495E-02
+3.41709E-01  +4.27904E-02  +8.88472E-02  +6.91787E-02  +1.19699E-02
+3.46734E-01  +4.18179E-02  +8.87826E-02  +7.06846E-02  +1.25057E-02
+3.51759E-01  +4.08603E-02  +8.86889E-02  +7.21887E-02  +1.30574E-02
+3.56784E-01  +3.99174E-02  +8.85667E-02  +7.36902E-02  +1.36250E-02
+3.61809E-01  +3.89891E-02  +8.84162E-02  +7.51886E-02  +1.42089E-02
+3.66834E-01  +3.80753E-02  +8.82381E-02  +7.66831E-02  +1.48092E-02
+3.71859E-01  +3.71759E-02  +8.80326E-02  +7.81730E-02  +1.54261E-02
+3.76884E-01  +3.62908E-02  +8.78004E-02  +7.96577E-02  +1.60600E-02
+3.81910E-01  +3.54199E-02  +8.75419E-02  +8.11364E-02  +1.67110E-02
+3.86935E-01  +3.45630E-02  +8.72574E-02  +8.26085E-02  +1.73794E-02
+3.91960E-01  +3.37200E-02  +8.69476E-02  +8.40733E-02  +1.80653E-02
+3.96985E-01  +3.28909E-02  +8.66127E-02  +8.55300E-02  +1.87691E-02
+4.02010E-01  +3.20755E-02  +8.62533E-02  +8.69782E-02  +1.94909E-02
+4.07035E-01  +3.12736E-02  +8.58699E-02  +8.84169E-02  +2.02310E-02
+4.12060E-01  +3.04852E-02  +8.54629E-02  +8.98456E-02  +2.09896E-02
+4.17085E-01  +2.97102E-02  +8.50327E-02  +9.12636E-02  +2.17669E-02
+4.22111E-01  +2.89485E-02  +8.45799E-02  +9.26701E-02  +2.25632E-02
+4.27136E-01  +2.81998E-02  +8.41048E-02  +9.40646E-02  +2.33786E-02
+4.32161E-01  +2.74642E-02  +8.36079E-02  +9.54462E-02  +2.42135E-02
+4.37186E-01  +2.67415E-02  +8.30897E-02  +9.68144E-02  +2.50680E-02
+4.42211E-01  +2.60316E-02  +8.25507E-02  +9.81684E-02  +2.59424E-02
+4.47236E-01  +2.53344E-02  +8.19912E-02  +9.95075E-02  +2.68369E-02
+4.52261E-01  +2.46497E-02  +8.14118E-02  +1.00831E-01  +2.77517E-02
+4.57286E-01  +2.39775E-02  +8.08129E-02  +1.02139E-01  +2.86871E-02
+4.62312E-01  +2.33176E-02  +8.01950E-02  +1.03429E-01  +2.96432E-02
+4.67337E-01  +2.26699E-02  +7.95585E-02  +1.04702E-01  +3.06204E-02
+4.72362E-01  +2.20343E-02  +7.89039E-02  +1.05957E-01  +3.16188E-02
+4.77387E-01  +2.14108E-02  +7.82316E-02  +1.07192E-01  +3.26387E-02
+4.82412E-01  +2.07991E-02  +7.75421E-02  +1.08408E-01  +3.36803E-02
+4.87437E-01  +2.01991E-02  +7.68359E-02  +1.09604E-01  +3.47438E-02
+4.92462E-01  +1.96108E-02  +7.61134E-02  +1.10779E-01  +3.58295E-02
+4.97487E-01  +1.90341E-02  +7.53750E-02  +1.11932E-01  +3.69375E-02
+5.02513E-01  +1.84688E-02  +7.46212E-02  +1.13062E-01  +3.80682E-02
+5.07538E-01  +1.79147E-02  +7.38526E-02  +1.14170E-01  +3.92217E-02
+5.12563E-01  +1.73719E-02  +7.30694E-02  +1.15254E-01  +4.03982E-02
+5.17588E-01  +1.68401E-02  +7.22723E-02  +1.16313E-01  +4.15981E-02
+5.22613E-01  +1.63193E-02  +7.14616E-02  +1.17347E-01  +4.28215E-02
+5.27638E-01  +1.58094E-02  +7.06378E-02  +1.18356E-01  +4.40687E-02
+5.32663E-01  +1.53102E-02  +6.98013E-02  +1.19338E-01  +4.53398E-02
+5.37688E-01  +1.48216E-02  +6.89527E-02  +1.20293E-01  +4.66351E-02
+5.42714E-01  +1.43435E-02  +6.80924E-02  +1.21219E-01  +4.79549E-02
+5.47739E-01  +1.38758E-02  +6.72208E-02  +1.22118E-01  +4.92994E-02
+5.52764E-01  +1.34184E-02  +6.63384E-02  +1.22987E-01  +5.06687E-02
+5.57789E-01  +1.29712E-02  +6.54456E-02  +1.23826E-01  +5.20632E-02
+5.62814E-01  +1.25340E-02  +6.45429E-02  +1.24635E-01  +5.34830E-02
+5.67839E-01  +1.21067E-02  +6.36308E-02  +1.25412E-01  +5.49285E-02
+5.72864E-01  +1.16893E-02  +6.27097E-02  +1.26157E-01  +5.63997E-02
+5.77889E-01  +1.12816E-02  +6.17801E-02  +1.26870E-01  +5.78969E-02
+5.82915E-01  +1.08834E-02  +6.08424E-02  +1.27549E-01  +5.94205E-02
+5.87940E-01  +1.04948E-02  +5.98971E-02  +1.28194E-01  +6.09705E-02
+5.92965E-01  +1.01155E-02  +5.89446E-02  +1.28805E-01  +6.25472E-02
+5.97990E-01  +9.74545E-03  +5.79854E-02  +1.29380E-01  +6.41509E-02
+6.03015E-01  +9.38455E-03  +5.70200E-02  +1.29919E-01  +6.57818E-02
+6.08040E-01  +9.03266E-03  +5.60488E-02  +1.30421E-01  +6.74401E-02
+6.13065E-01  +8.68969E-03  +5.50723E-02  +1.30886E-01  +6.91260E-02
+6.18090E-01  +8.35551E-03  +5.40909E-02  +1.31313E-01  +7.08398E-02
+6.23116E-01  +8.03001E-03  +5.31051E-02  +1.31701E-01  +7.25817E-02
+6.28141E-01  +7.71307E-03  +5.21153E-02  +1.32049E-01  +7.43519E-02
+6.33166E-01  +7.40458E-03  +5.11221E-02  +1.32357E-01  +7.61507E-02
+6.38191E-01  +7.10443E-03  +5.01257E-02  +1.32624E-01  +7.79782E-02
+6.43216E-01  +6.81251E-03  +4.91268E-02  +1.32850E-01  +7.98347E-02
+6.48241E-01  +6.52869E-03  +4.81258E-02  +1.33033E-01  +8.17205E-02
+6.53266E-01  +6.25287E-03  +4.71231E-02  +1.33174E-01  +8.36358E-02
+6.58291E-01  +5.98493E-03  +4.61191E-02  +1.33271E-01  +8.55807E-02
+6.63317E-01  +5.72475E-03  +4.51144E-02  +1.33323E-01  +8.75556E-02
+6.68342E-01  +5.47222E-03  +4.41094E-02  +1.33331E-01  +8.95606E-02
+6.73367E-01  +5.22724E-03  +4.31046E-02  +1.33293E-01  +9.15960E-02
+6.78392E-01  +4.98967E-03  +4.21004E-02  +1.33208E-01  +9.36620E-02
+6.83417E-01  +4.75942E-03  +4.10972E-02  +1.33077E-01  +9.57588E-02
+6.88442E-01  +4.53636E-03  +4.00955E-02  +1.32897E-01  +9.78867E-02
+6.93467E-01  +4.32038E-03  +3.90959E-02  +1.32670E-01  +1.00046E-01
+6.98492E-01  +4.11136E-03  +3.80986E-02  +1.32393E-01  +1.02237E-01
+7.03518E-01  +3.90920E-03  +3.71043E-02  +1.32066E-01  +1.04459E-01
+7.08543E-01  +3.71378E-03  +3.61133E-02  +1.31689E-01  +1.06713E-01
+7.13568E-01  +3.52498E-03  +3.51261E-02  +1.31261E-01  +1.09000E-01
+7.18593E-01  +3.34269E-03  +3.41432E-02  +1.30781E-01  +1.11319E-01
+7.23618E-01  +3.16680E-03  +3.31650E-02  +1.30248E-01  +1.13671E-01
+7.28643E-01  +2.99718E-03  +3.21920E-02  +1.29662E-01  +1.16056E-01
+7.33668E-01  +2.83374E-03  +3.12246E-02  +1.29022E-01  +1.18473E-01
+7.38693E-01  +2.67634E-03  +3.02633E-02  +1.28328E-01  +1.20924E-01
+7.43719E-01  +2.52489E-03  +2.93085E-02  +1.27578E-01  +1.23409E-01
+7.48744E-01  +2.37926E-03  +2.83608E-02  +1.26773E-01  +1.25928E-01
+7.53769E-01  +2.23934E-03  +2.74205E-02  +1.25910E-01  +1.28480E-01
+7.58794E-01  +2.10502E-03  +2.64881E-02  +1.24991E-01  +1.31067E-01
+7.63819E-01  +1.97618E-03  +2.55641E-02  +1.24013E-01  +1.33688E-01
+7.68844E-01  +1.85270E-03  +2.46490E-02  +1.22977E-01  +1.36344E-01
+7.73869E-01  +1.73448E-03  +2.37431E-02  +1.21881E-01  +1.39035E-01
+7.78894E-01  +1.62140E-03  +2.28470E-02  +1.20726E-01  +1.41761E-01
+7.83920E-01  +1.51334E-03  +2.19611E-02  +1.19509E-01  +1.44523E-01
+7.88945E-01  +1.41020E-03  +2.10858E-02  +1.18231E-01  +1.47320E-01
+7.93970E-01  +1.31185E-03  +2.02217E-02  +1.16891E-01  +1.50153E-01
+7.98995E-01  +1.21818E-03  +1.93691E-02  +1.15488E-01  +1.53022E-01
+8.04020E-01  +1.12908E-03  +1.85285E-02  +1.14022E-01  +1.55927E-01
+8.09045E-01  +1.04444E-03  +1.77005E-02  +1.12491E-01  +1.58869E-01
+8.14070E-01  +9.64134E-04  +1.68854E-02  +1.10896E-01  +1.61848E-01
+8.19095E-01  +8.88054E-04  +1.60837E-02  +1.09235E-01  +1.64864E-01
+8.24121E-01  +8.16086E-04  +1.52958E-02  +1.07508E-01  +1.67917E-01
+8.29146E-01  +7.48116E-04  +1.45222E-02  +1.05713E-01  +1.71007E-01
+8.34171E-01  +6.84028E-04  +1.37635E-02  +1.03852E-01  +1.74135E-01
+8.39196E-01  +6.23709E-04  +1.30199E-02  +1.01922E-01  +1.77301E-01
+8.44221E-01  +5.67044E-04  +1.22921E-02  +9.99226E-02  +1.80505E-01
+8.49246E-01  +5.13920E-04  +1.15803E-02  +9.78539E-02  +1.83748E-01
+8.54271E-01  +4.64222E-04  +1.08852E-02  +9.57148E-02  +1.87029E-01
+8.59296E-01  +4.17836E-04  +1.02071E-02  +9.35047E-02  +1.90349E-01
+8.64322E-01  +3.74648E-04  +9.54658E-03  +9.12229E-02  +1.93708E-01
+8.69347E-01  +3.34543E-04  +8.90399E-03  +8.88687E-02  +1.97106E-01
+8.74372E-01  +2.97408E-04  +8.27983E-03  +8.64414E-02  +2.00544E-01
+8.79397E-01  +2.63127E-04  +7.67454E-03  +8.39403E-02  +2.04022E-01
+8.84422E-01  +2.31588E-04  +7.08860E-03  +8.13648E-02  +2.07539E-01
+8.89447E-01  +2.02675E-04  +6.52245E-03  +7.87141E-02  +2.11097E-01
+8.94472E-01  +1.76275E-04  +5.97655E-03  +7.59876E-02  +2.14695E-01
+8.99497E-01  +1.52273E-04  +5.45136E-03  +7.31845E-02  +2.18334E-01
+9.04523E-01  +1.30555E-04  +4.94734E-03  +7.03043E-02  +2.22014E-01
+9.09548E-01  +1.11007E-04  +4.46494E-03  +6.73462E-02  +2.25734E-01
+9.14573E-01  +9.35145E-05  +4.00462E-03  +6.43095E-02  +2.29497E-01
+9.19598E-01  +7.79636E-05  +3.56684E-03  +6.11935E-02  +2.33300E-01
+9.24623E-01  +6.42400E-05  +3.15204E-03  +5.79976E-02  +2.37146E-01
+9.29648E-01  +5.22295E-05  +2.76070E-03  +5.47211E-02  +2.41033E-01
+9.34673E-01  +4.18179E-05  +2.39327E-03  +5.13633E-02  +2.44963E-01
+9.39698E-01  +3.28909E-05  +2.05020E-03  +4.79234E-02  +2.48936E-01
+9.44724E-01  +2.53344E-05  +1.73195E-03  +4.44009E-02  +2.52951E-01
+9.49749E-01  +1.90341E-05  +1.43898E-03  +4.07950E-02  +2.57008E-01
+9.54774E-01  +1.38758E-05  +1.17174E-03  +3.71050E-02  +2.61110E-01
+9.59799E-01  +9.74545E-06  +9.30691E-04  +3.33304E-02  +2.65254E-01
+9.64824E-01  +6.52869E-06  +7.16291E-04  +2.94702E-02  +2.69442E-01
+9.69849E-01  +4.11136E-06  +5.28995E-04  +2.55240E-02  +2.73674E-01
+9.74874E-01  +2.37926E-06  +3.69261E-04  +2.14910E-02  +2.77950E-01
+9.79899E-01  +1.21818E-06  +2.37545E-04  +1.73705E-02  +2.82271E-01
+9.84925E-01  +5.13920E-07  +1.34305E-04  +1.31618E-02  +2.86636E-01
+9.89950E-01  +1.52273E-07  +5.99954E-05  +8.86433E-03  +2.91045E-01
+9.94975E-01  +1.90341E-08  +1.50750E-05  +4.47727E-03  +2.95500E-01
+1.00000E+00  +0.00000E+00  +0.00000E+00  +0.00000E+00  +3.00000E-01
