#     x             y
+0.00000E+00  +0.00000E+00
-1.78050E-04  -1.54414E-04
-5.19457E-04  -4.81022E-04
-8.41222E-04  -8.31361E-04
-1.14329E-03  -1.20546E-03
-1.42559E-03  -1.60334E-03
-1.68808E-03  -2.02503E-03
-1.93068E-03  -2.47054E-03
-2.15336E-03  -2.93990E-03
-2.35605E-03  -3.43311E-03
-2.53869E-03  -3.95017E-03
-2.70123E-03  -4.49111E-03
-2.84361E-03  -5.05591E-03
-2.96579E-03  -5.64458E-03
-3.06771E-03  -6.25711E-03
-3.14932E-03  -6.89350E-03
-3.21056E-03  -7.55373E-03
-3.25139E-03  -8.23779E-03
-3.27176E-03  -8.94566E-03
-3.27161E-03  -9.67731E-03
-3.25091E-03  -1.04327E-02
-3.20960E-03  -1.12119E-02
-3.14763E-03  -1.20147E-02
-3.06497E-03  -1.28412E-02
-2.96156E-03  -1.36914E-02
-2.83737E-03  -1.45651E-02
-2.69234E-03  -1.54624E-02
-2.52645E-03  -1.63831E-02
-2.33963E-03  -1.73273E-02
-2.13187E-03  -1.82948E-02
-1.90311E-03  -1.92857E-02
-1.65331E-03  -2.02998E-02
-1.38245E-03  -2.13370E-02
-1.09047E-03  -2.23974E-02
-7.77353E-04  -2.34808E-02
-4.43054E-04  -2.45871E-02
-8.75404E-05  -2.57163E-02
+2.89221E-04  -2.68683E-02
+6.87264E-04  -2.80429E-02
+1.10662E-03  -2.92402E-02
+1.54732E-03  -3.04599E-02
+2.00939E-03  -3.17020E-02
+2.49286E-03  -3.29663E-02
+2.99777E-03  -3.42528E-02
+3.52413E-03  -3.55614E-02
+4.07198E-03  -3.68918E-02
+4.64133E-03  -3.82441E-02
+5.23222E-03  -3.96180E-02
+5.84467E-03  -4.10135E-02
+6.47869E-03  -4.24304E-02
+7.13432E-03  -4.38685E-02
+7.81157E-03  -4.53277E-02
+8.51046E-03  -4.68079E-02
+9.23101E-03  -4.83089E-02
+9.97324E-03  -4.98306E-02
+1.07372E-02  -5.13727E-02
+1.15228E-02  -5.29352E-02
+1.23302E-02  -5.45178E-02
+1.31593E-02  -5.61205E-02
+1.40101E-02  -5.77429E-02
+1.48827E-02  -5.93849E-02
+1.57771E-02  -6.10464E-02
+1.66933E-02  -6.27271E-02
+1.76313E-02  -6.44269E-02
+1.85911E-02  -6.61455E-02
+1.95727E-02  -6.78828E-02
+2.05761E-02  -6.96385E-02
+2.16013E-02  -7.14124E-02
+2.26484E-02  -7.32044E-02
+2.37173E-02  -7.50141E-02
+2.48080E-02  -7.68414E-02
+2.59206E-02  -7.86860E-02
+2.70549E-02  -8.05477E-02
+2.82112E-02  -8.24263E-02
+2.93892E-02  -8.43215E-02
+3.05891E-02  -8.62331E-02
+3.18108E-02  -8.81609E-02
+3.30544E-02  -9.01044E-02
+3.43197E-02  -9.20636E-02
+3.56069E-02  -9.40382E-02
+3.69159E-02  -9.60278E-02
+3.82467E-02  -9.80322E-02
+3.95992E-02  -1.00051E-01
+4.09735E-02  -1.02084E-01
+4.23696E-02  -1.04132E-01
+4.37875E-02  -1.06192E-01
+4.52271E-02  -1.08267E-01
+4.66884E-02  -1.10354E-01
+4.81714E-02  -1.12454E-01
+4.96762E-02  -1.14566E-01
+5.12026E-02  -1.16691E-01
+5.27507E-02  -1.18828E-01
+5.43204E-02  -1.20976E-01
+5.59117E-02  -1.23135E-01
+5.75246E-02  -1.25305E-01
+5.91591E-02  -1.27486E-01
+6.08152E-02  -1.29677E-01
+6.24928E-02  -1.31878E-01
+6.41919E-02  -1.34088E-01
+6.59125E-02  -1.36308E-01
+6.76546E-02  -1.38536E-01
+6.94181E-02  -1.40773E-01
+7.12029E-02  -1.43018E-01
+7.30092E-02  -1.45270E-01
+7.48368E-02  -1.47530E-01
+7.66857E-02  -1.49797E-01
+7.85558E-02  -1.52071E-01
+8.04472E-02  -1.54351E-01
+8.23599E-02  -1.56636E-01
+8.42936E-02  -1.58928E-01
+8.62486E-02  -1.61224E-01
+8.82246E-02  -1.63525E-01
+9.02216E-02  -1.65830E-01
+9.22397E-02  -1.68139E-01
+9.42787E-02  -1.70451E-01
+9.63387E-02  -1.72767E-01
+9.84196E-02  -1.75085E-01
+1.00521E-01  -1.77405E-01
+1.02644E-01  -1.79727E-01
+1.04787E-01  -1.82051E-01
+1.06951E-01  -1.84375E-01
+1.09136E-01  -1.86700E-01
+1.11341E-01  -1.89025E-01
+1.13566E-01  -1.91349E-01
+1.15813E-01  -1.93673E-01
+1.18079E-01  -1.95995E-01
+1.20366E-01  -1.98316E-01
+1.22674E-01  -2.00634E-01
+1.25001E-01  -2.02949E-01
+1.27349E-01  -2.05262E-01
+1.29717E-01  -2.07571E-01
+1.32105E-01  -2.09875E-01
+1.34513E-01  -2.12175E-01
+1.36941E-01  -2.14470E-01
+1.39389E-01  -2.16760E-01
+1.41856E-01  -2.19043E-01
+1.44343E-01  -2.21320E-01
+1.46850E-01  -2.23590E-01
+1.49377E-01  -2.25852E-01
+1.51923E-01  -2.28106E-01
+1.54488E-01  -2.30352E-01
+1.57073E-01  -2.32588E-01
+1.59677E-01  -2.34815E-01
+1.62300E-01  -2.37032E-01
+1.64942E-01  -2.39238E-01
+1.67603E-01  -2.41434E-01
+1.70283E-01  -2.43617E-01
+1.72982E-01  -2.45788E-01
+1.75699E-01  -2.47947E-01
+1.78435E-01  -2.50092E-01
+1.81190E-01  -2.52224E-01
+1.83962E-01  -2.54341E-01
+1.86753E-01  -2.56443E-01
+1.89562E-01  -2.58530E-01
+1.92389E-01  -2.60601E-01
+1.95234E-01  -2.62655E-01
+1.98097E-01  -2.64692E-01
+2.00977E-01  -2.66712E-01
+2.03875E-01  -2.68713E-01
+2.06790E-01  -2.70696E-01
+2.09723E-01  -2.72659E-01
+2.12672E-01  -2.74602E-01
+2.15638E-01  -2.76525E-01
+2.18621E-01  -2.78426E-01
+2.21621E-01  -2.80307E-01
+2.24637E-01  -2.82164E-01
+2.27669E-01  -2.84000E-01
+2.30717E-01  -2.85811E-01
+2.33781E-01  -2.87599E-01
+2.36861E-01  -2.89362E-01
+2.39956E-01  -2.91101E-01
+2.43067E-01  -2.92813E-01
+2.46192E-01  -2.94500E-01
+2.49333E-01  -2.96159E-01
+2.52488E-01  -2.97791E-01
+2.55657E-01  -2.99395E-01
+2.58841E-01  -3.00971E-01
+2.62039E-01  -3.02517E-01
+2.65250E-01  -3.04034E-01
+2.68475E-01  -3.05520E-01
+2.71713E-01  -3.06976E-01
+2.74964E-01  -3.08400E-01
+2.78228E-01  -3.09792E-01
+2.81504E-01  -3.11152E-01
+2.84792E-01  -3.12478E-01
+2.88092E-01  -3.13771E-01
+2.91403E-01  -3.15030E-01
+2.94725E-01  -3.16254E-01
+2.98059E-01  -3.17442E-01
+3.01402E-01  -3.18595E-01
+3.04757E-01  -3.19712E-01
+3.08120E-01  -3.20791E-01
+3.11494E-01  -3.21833E-01
+3.14876E-01  -3.22838E-01
+3.18268E-01  -3.23804E-01
+3.21667E-01  -3.24731E-01
+3.25075E-01  -3.25619E-01
+3.28490E-01  -3.26466E-01
+3.31913E-01  -3.27274E-01
+3.35343E-01  -3.28041E-01
+3.38779E-01  -3.28767E-01
+3.42221E-01  -3.29451E-01
+3.45669E-01  -3.30093E-01
+3.49122E-01  -3.30693E-01
+3.52580E-01  -3.31250E-01
+3.56042E-01  -3.31764E-01
+3.59509E-01  -3.32235E-01
+3.62979E-01  -3.32661E-01
+3.66452E-01  -3.33044E-01
+3.69928E-01  -3.33382E-01
+3.73406E-01  -3.33675E-01
+3.76887E-01  -3.33923E-01
+3.80369E-01  -3.34125E-01
+3.83852E-01  -3.34283E-01
+3.87335E-01  -3.34394E-01
+3.90820E-01  -3.34459E-01
+3.94303E-01  -3.34478E-01
+3.97787E-01  -3.34450E-01
+4.01269E-01  -3.34376E-01
+4.04751E-01  -3.34254E-01
+4.08230E-01  -3.34086E-01
+4.11708E-01  -3.33871E-01
+4.15183E-01  -3.33608E-01
+4.18656E-01  -3.33298E-01
+4.22125E-01  -3.32941E-01
+4.25591E-01  -3.32536E-01
+4.29053E-01  -3.32083E-01
+4.32512E-01  -3.31583E-01
+4.35965E-01  -3.31035E-01
+4.39415E-01  -3.30440E-01
+4.42859E-01  -3.29796E-01
+4.46298E-01  -3.29105E-01
+4.49732E-01  -3.28366E-01
+4.53160E-01  -3.27579E-01
+4.56582E-01  -3.26745E-01
+4.59997E-01  -3.25863E-01
+4.63407E-01  -3.24933E-01
+4.66810E-01  -3.23956E-01
+4.70206E-01  -3.22931E-01
+4.73596E-01  -3.21859E-01
+4.76978E-01  -3.20739E-01
+4.80353E-01  -3.19572E-01
+4.83721E-01  -3.18358E-01
+4.87082E-01  -3.17096E-01
+4.90435E-01  -3.15787E-01
+4.93780E-01  -3.14432E-01
+4.97118E-01  -3.13029E-01
+5.00448E-01  -3.11580E-01
+5.03770E-01  -3.10084E-01
+5.07084E-01  -3.08541E-01
+5.10390E-01  -3.06952E-01
+5.13689E-01  -3.05316E-01
+5.16979E-01  -3.03635E-01
+5.20261E-01  -3.01907E-01
+5.23535E-01  -3.00133E-01
+5.26801E-01  -2.98313E-01
+5.30060E-01  -2.96448E-01
+5.33310E-01  -2.94536E-01
+5.36552E-01  -2.92580E-01
+5.39786E-01  -2.90578E-01
+5.43012E-01  -2.88530E-01
+5.46230E-01  -2.86438E-01
+5.49440E-01  -2.84300E-01
+5.52643E-01  -2.82118E-01
+5.55838E-01  -2.79891E-01
+5.59024E-01  -2.77620E-01
+5.62203E-01  -2.75304E-01
+5.65375E-01  -2.72944E-01
+5.68538E-01  -2.70539E-01
+5.71694E-01  -2.68091E-01
+5.74843E-01  -2.65599E-01
+5.77984E-01  -2.63063E-01
+5.81118E-01  -2.60484E-01
+5.84244E-01  -2.57861E-01
+5.87362E-01  -2.55196E-01
+5.90474E-01  -2.52487E-01
+5.93578E-01  -2.49735E-01
+5.96675E-01  -2.46941E-01
+5.99765E-01  -2.44105E-01
+6.02847E-01  -2.41226E-01
+6.05923E-01  -2.38305E-01
+6.08991E-01  -2.35342E-01
+6.12053E-01  -2.32338E-01
+6.15107E-01  -2.29292E-01
+6.18155E-01  -2.26205E-01
+6.21196E-01  -2.23076E-01
+6.24229E-01  -2.19907E-01
+6.27256E-01  -2.16698E-01
+6.30276E-01  -2.13448E-01
+6.33289E-01  -2.10158E-01
+6.36296E-01  -2.06828E-01
+6.39295E-01  -2.03459E-01
+6.42288E-01  -2.00051E-01
+6.45274E-01  -1.96603E-01
+6.48254E-01  -1.93116E-01
+6.51226E-01  -1.89592E-01
+6.54192E-01  -1.86028E-01
+6.57151E-01  -1.82427E-01
+6.60103E-01  -1.78789E-01
+6.63049E-01  -1.75113E-01
+6.65987E-01  -1.71400E-01
+6.68919E-01  -1.67651E-01
+6.71844E-01  -1.63865E-01
+6.74763E-01  -1.60043E-01
+6.77674E-01  -1.56186E-01
+6.80578E-01  -1.52293E-01
+6.83476E-01  -1.48365E-01
+6.86367E-01  -1.44403E-01
+6.89250E-01  -1.40407E-01
+6.92127E-01  -1.36377E-01
+6.94996E-01  -1.32314E-01
+6.97859E-01  -1.28217E-01
+7.00714E-01  -1.24088E-01
+7.03562E-01  -1.19927E-01
+7.06403E-01  -1.15734E-01
+7.09237E-01  -1.11510E-01
+7.12063E-01  -1.07255E-01
+7.14881E-01  -1.02970E-01
+7.17693E-01  -9.86540E-02
+7.20496E-01  -9.43090E-02
+7.23292E-01  -8.99350E-02
+7.26081E-01  -8.55323E-02
+7.28861E-01  -8.11015E-02
+7.31634E-01  -7.66432E-02
+7.34399E-01  -7.21576E-02
+7.37156E-01  -6.76455E-02
+7.39905E-01  -6.31072E-02
+7.42646E-01  -5.85434E-02
+7.45379E-01  -5.39544E-02
+7.48103E-01  -4.93409E-02
+7.50819E-01  -4.47033E-02
+7.53527E-01  -4.00422E-02
+7.56226E-01  -3.53582E-02
+7.58916E-01  -3.06518E-02
+7.61598E-01  -2.59236E-02
+7.64271E-01  -2.11741E-02
+7.66935E-01  -1.64039E-02
+7.69589E-01  -1.16135E-02
+7.72235E-01  -6.80361E-03
+7.74872E-01  -1.97474E-03
+7.77499E-01  +2.87251E-03
+7.80117E-01  +7.73754E-03
+7.82726E-01  +1.26197E-02
+7.85325E-01  +1.75185E-02
+7.87914E-01  +2.24333E-02
+7.90494E-01  +2.73634E-02
+7.93063E-01  +3.23082E-02
+7.95623E-01  +3.72671E-02
+7.98173E-01  +4.22395E-02
+8.00712E-01  +4.72247E-02
+8.03241E-01  +5.22221E-02
+8.05760E-01  +5.72311E-02
+8.08268E-01  +6.22510E-02
+8.10765E-01  +6.72811E-02
+8.13252E-01  +7.23209E-02
+8.15728E-01  +7.73696E-02
+8.18193E-01  +8.24266E-02
+8.20647E-01  +8.74913E-02
+8.23089E-01  +9.25629E-02
+8.25521E-01  +9.76408E-02
+8.27941E-01  +1.02724E-01
+8.30349E-01  +1.07813E-01
+8.32746E-01  +1.12906E-01
+8.35132E-01  +1.18002E-01
+8.37505E-01  +1.23101E-01
+8.39867E-01  +1.28203E-01
+8.42216E-01  +1.33306E-01
+8.44553E-01  +1.38410E-01
+8.46878E-01  +1.43514E-01
+8.49191E-01  +1.48618E-01
+8.51491E-01  +1.53720E-01
+8.53779E-01  +1.58821E-01
+8.56054E-01  +1.63919E-01
+8.58316E-01  +1.69013E-01
+8.60565E-01  +1.74104E-01
+8.62801E-01  +1.79190E-01
+8.65024E-01  +1.84271E-01
+8.67234E-01  +1.89345E-01
+8.69430E-01  +1.94413E-01
+8.71613E-01  +1.99474E-01
+8.73783E-01  +2.04526E-01
+8.75939E-01  +2.09569E-01
+8.78081E-01  +2.14603E-01
+8.80209E-01  +2.19627E-01
+8.82323E-01  +2.24639E-01
+8.84423E-01  +2.29640E-01
+8.86509E-01  +2.34629E-01
+8.88581E-01  +2.39605E-01
+8.90638E-01  +2.44567E-01
+8.92681E-01  +2.49514E-01
+8.94709E-01  +2.54447E-01
+8.96722E-01  +2.59364E-01
+8.98721E-01  +2.64264E-01
+9.00705E-01  +2.69147E-01
+9.02674E-01  +2.74013E-01
+9.04628E-01  +2.78860E-01
+9.06566E-01  +2.83687E-01
+9.08490E-01  +2.88495E-01
+9.10398E-01  +2.93283E-01
+9.12290E-01  +2.98049E-01
+9.14167E-01  +3.02793E-01
+9.16029E-01  +3.07515E-01
+9.17874E-01  +3.12214E-01
+9.19704E-01  +3.16888E-01
+9.21518E-01  +3.21539E-01
+9.23316E-01  +3.26164E-01
+9.25098E-01  +3.30763E-01
+9.26864E-01  +3.35336E-01
+9.28613E-01  +3.39882E-01
+9.30346E-01  +3.44400E-01
+9.32063E-01  +3.48889E-01
+9.33763E-01  +3.53350E-01
+9.35447E-01  +3.57781E-01
+9.37114E-01  +3.62182E-01
+9.38764E-01  +3.66552E-01
+9.40397E-01  +3.70891E-01
+9.42014E-01  +3.75197E-01
+9.43614E-01  +3.79471E-01
+9.45196E-01  +3.83712E-01
+9.46761E-01  +3.87918E-01
+9.48310E-01  +3.92090E-01
+9.49841E-01  +3.96228E-01
+9.51354E-01  +4.00329E-01
+9.52850E-01  +4.04394E-01
+9.54329E-01  +4.08423E-01
+9.55790E-01  +4.12414E-01
+9.57234E-01  +4.16367E-01
+9.58660E-01  +4.20282E-01
+9.60068E-01  +4.24158E-01
+9.61458E-01  +4.27994E-01
+9.62831E-01  +4.31790E-01
+9.64185E-01  +4.35546E-01
+9.65522E-01  +4.39260E-01
+9.66840E-01  +4.42933E-01
+9.68141E-01  +4.46563E-01
+9.69423E-01  +4.50151E-01
+9.70687E-01  +4.53696E-01
+9.71932E-01  +4.57197E-01
+9.73160E-01  +4.60653E-01
+9.74368E-01  +4.64066E-01
+9.75559E-01  +4.67433E-01
+9.76731E-01  +4.70754E-01
+9.77884E-01  +4.74029E-01
+9.79019E-01  +4.77258E-01
+9.80135E-01  +4.80440E-01
+9.81232E-01  +4.83574E-01
+9.82311E-01  +4.86661E-01
+9.83371E-01  +4.89699E-01
+9.84412E-01  +4.92688E-01
+9.85434E-01  +4.95629E-01
+9.86437E-01  +4.98520E-01
+9.87421E-01  +5.01361E-01
+9.88386E-01  +5.04151E-01
+9.89333E-01  +5.06891E-01
+9.90259E-01  +5.09580E-01
+9.91167E-01  +5.12217E-01
+9.92056E-01  +5.14803E-01
+9.92925E-01  +5.17336E-01
+9.93776E-01  +5.19817E-01
+9.94607E-01  +5.22245E-01
+9.95418E-01  +5.24619E-01
+9.96210E-01  +5.26940E-01
+9.96983E-01  +5.29208E-01
+9.97737E-01  +5.31421E-01
+9.98471E-01  +5.33579E-01
+9.99185E-01  +5.35683E-01
+9.99880E-01  +5.37732E-01
+1.00056E+00  +5.39725E-01
+1.00121E+00  +5.41663E-01
+1.00185E+00  +5.43544E-01
+1.00246E+00  +5.45370E-01
+1.00306E+00  +5.47139E-01
+1.00364E+00  +5.48852E-01
+1.00420E+00  +5.50507E-01
+1.00473E+00  +5.52106E-01
+1.00525E+00  +5.53647E-01
+1.00575E+00  +5.55131E-01
+1.00623E+00  +5.56557E-01
+1.00669E+00  +5.57925E-01
+1.00713E+00  +5.59235E-01
+1.00755E+00  +5.60486E-01
+1.00795E+00  +5.61679E-01
+1.00832E+00  +5.62814E-01
+1.00868E+00  +5.63889E-01
+1.00902E+00  +5.64906E-01
+1.00934E+00  +5.65863E-01
+1.00964E+00  +5.66762E-01
+1.00992E+00  +5.67601E-01
+1.01018E+00  +5.68380E-01
+1.01042E+00  +5.69100E-01
+1.01064E+00  +5.69761E-01
+1.01084E+00  +5.70361E-01
+1.01102E+00  +5.70902E-01
+1.01118E+00  +5.71383E-01
+1.01132E+00  +5.71804E-01
+1.01144E+00  +5.72165E-01
+1.01154E+00  +5.72466E-01
+1.01162E+00  +5.72706E-01
+1.01168E+00  +5.72887E-01
+1.01172E+00  +5.73007E-01
+1.01174E+00  +5.73067E-01
+1.01175E+00  +5.73075E-01
