# camberline.x, camberline.y, pressureLine.x, pressureLine.y, suctionLine.x, suctionLine.y
0.000000000000000000e+00 0.000000000000000000e+00 0.000000000000000000e+00 0.000000000000000000e+00 0.000000000000000000e+00 0.000000000000000000e+00
6.168375916970614270e-05 -5.175513944538634448e-05 9.363847818132884368e-04 9.909890143455571399e-04 -8.130172634738761514e-04 -1.094499293236329829e-03
5.550625190149927057e-04 -4.654548134219727018e-04 3.177091767381329864e-03 2.667888448330415097e-03 -2.066966729351344453e-03 -3.598798075174360501e-03
1.541333133436018077e-03 -1.291035319994637831e-03 5.899548074322030419e-03 3.942325578554502913e-03 -2.816881807449994699e-03 -6.524396218543778575e-03
3.019522272410146702e-03 -2.524868957066161990e-03 9.092838352074696442e-03 4.821027389771736886e-03 -3.053793807254404774e-03 -9.870765303904061733e-03
4.988171141721231550e-03 -4.161537790424857386e-03 1.274576273724225065e-02 5.312462209730224941e-03 -2.769420453799788847e-03 -1.363553779057993971e-02
7.445336922613066122e-03 -6.193859581503202705e-03 1.684691216234872682e-02 5.426792020885026074e-03 -1.956238317122592843e-03 -1.781451118389143148e-02
1.038859468911712547e-02 -8.612919854653483531e-03 2.138473331296783866e-02 5.175817385894554250e-03 -6.075439347335880513e-04 -2.240165709520152218e-02
1.381503980116172148e-02 -1.140810906585235096e-02 2.634758202687717890e-02 4.572914810544833480e-03 1.282497575446267524e-03 -2.738913294224953540e-02
1.772129077110096151e-02 -1.456716393360110717e-02 3.172376448524062698e-02 3.632966342444951362e-03 3.718817056961294318e-03 -3.276729420964716311e-02
2.210349260083493972e-02 -1.807621208533705115e-02 3.750156618600226227e-02 2.372281206002349249e-03 6.705419015667612830e-03 -3.852470537667644634e-02
2.695732058622735128e-02 -2.191981926502323264e-02 4.366926936077140942e-02 8.085093158322394918e-04 1.024537181168329314e-02 -4.464814784587870650e-02
3.227798458506631052e-02 -2.608103844216363987e-02 5.021516015279745698e-02 -1.039453400664574296e-03 1.434080901733516406e-02 -5.112262348366270609e-02
3.806023374435663076e-02 -3.054146026001477998e-02 5.712752747390541924e-02 -3.151567801068711015e-03 1.899294001480783881e-02 -5.793135271896084765e-02
4.429836168227735405e-02 -3.528126436106462926e-02 6.439465596619176058e-02 -5.506762183737778579e-03 2.420206739836295445e-02 -6.505576653839147128e-02
5.098621211969217581e-02 -4.027927123023475331e-02 7.200481587984139398e-02 -8.083050298056764643e-03 2.996760835954295765e-02 -7.247549216241273851e-02
5.811718495565326714e-02 -4.551299429971580879e-02 7.994625291914887744e-02 -1.085765592115056632e-02 3.628811699215765685e-02 -8.016833267828106513e-02
6.568424278090440049e-02 -5.095869216268017476e-02 8.820718119084711151e-02 -1.380714289518619568e-02 4.316130437096169642e-02 -8.811024143017415211e-02
7.367991782295391090e-02 -5.659142084499269032e-02 9.677578230743678900e-02 -1.690754918067801857e-02 5.058405333847103280e-02 -9.627529250930735860e-02
8.209631931586486298e-02 -6.238508618309651643e-02 1.056402134578849766e-01 -2.013452313651410003e-02 5.855242517384475626e-02 -1.046356492296789259e-01
9.092514128748829805e-02 -6.831249645107115298e-02 1.147886268720460928e-01 -2.346345990282239224e-02 6.706165570293050326e-02 -1.131615329993199137e-01
1.001576707564547086e-01 -7.434541546907180720e-02 1.242092025943737632e-01 -2.686963545451936247e-02 7.610613891853565405e-02 -1.218211954836242450e-01
1.097847963308350994e-01 -8.045461650762594785e-02 1.338901958739278641e-01 -3.032833562658418178e-02 8.567939678774232071e-02 -1.305808973886677105e-01
1.197970171999845346e-01 -8.660993737630831579e-02 1.438199998023358683e-01 -3.381497719966464199e-02 9.577403459763320082e-02 -1.394048975529519896e-01
1.301844525106951034e-01 -9.278033714997804826e-02 1.539872231216935505e-01 -3.730521798616159845e-02 1.063816818996966701e-01 -1.482554563137944981e-01
1.409368511184055928e-01 -9.893395503996618712e-02 1.643807824113917848e-01 -4.077505277795585165e-02 1.174929198254194285e-01 -1.570928573019765295e-01
1.520436017038428456e-01 -1.050381719604246145e-01 1.749900071729210971e-01 -4.420089200857592326e-02 1.290971962347645940e-01 -1.658754519122732918e-01
1.634937432451133432e-01 -1.110596753706870332e-01 1.858047556833403724e-01 -4.755962004190790460e-02 1.411827308068863140e-01 -1.745597306994661757e-01
1.752759758349082264e-01 -1.169645279923204606e-01 1.968155388887098123e-01 -5.082863012083894960e-02 1.537364127811066405e-01 -1.831004258638019855e-01
1.873786718321473477e-01 -1.227182410040829341e-01 2.080136490520580195e-01 -5.398583318652591667e-02 1.667436946122366759e-01 -1.914506488216399238e-01
1.997898873370579365e-01 -1.282858523089617786e-01 2.193912893345427995e-01 -5.700963801009194254e-02 1.801884853395730735e-01 -1.995620666078316008e-01
2.124973739783607152e-01 -1.336320104447090706e-01 2.309416999361817435e-01 -5.987890037072646915e-02 1.940530480205396868e-01 -2.073851205186916791e-01
2.254885910009341021e-01 -1.387210646729047092e-01 2.426592758043666087e-01 -6.257283939158618524e-02 2.083179061975015955e-01 -2.148692899542232193e-01
2.387507176420255450e-01 -1.435171617317789194e-01 2.545396701799448325e-01 -6.507091965712276382e-02 2.229617651041062854e-01 -2.219634038064350889e-01
2.522706657837961997e-01 -1.479843496752631937e-01 2.665798773463404214e-01 -6.735269846580189956e-02 2.379614542212519501e-01 -2.286160008847245018e-01
2.660350928697132744e-01 -1.520866891456065795e-01 2.787782868612869724e-01 -6.939763864281336958e-02 2.532918988781395764e-01 -2.347757396483997894e-01
2.800304150720424046e-01 -1.557883723401653764e-01 2.911347003267161782e-01 -7.118488890721078044e-02 2.689261298173686310e-01 -2.403918557731199723e-01
2.942428206974455618e-01 -1.590538498356020569e-01 3.036503005281462886e-01 -7.269303603669621805e-02 2.848353408667448350e-01 -2.454146636345078958e-01
3.086582838174550814e-01 -1.618479653257928197e-01 3.163275618180762527e-01 -7.389983616483844497e-02 3.009890058168339100e-01 -2.497960944867472222e-01
3.232625781103714013e-01 -1.641360982144946246e-01 3.291700903479460316e-01 -7.478193656485382368e-02 3.173550658727967710e-01 -2.534902598641354254e-01
3.380412909009252731e-01 -1.658843138816201712e-01 3.421823837320032702e-01 -7.531460413779214602e-02 3.339001980698472760e-01 -2.564540236254481687e-01
3.529798373838480829e-01 -1.670595213142987978e-01 3.553695025924489270e-01 -7.547148217580484930e-02 3.505901721752472389e-01 -2.586475604527928018e-01
3.680634750173135128e-01 -1.676296376623376549e-01 3.687366517619891648e-01 -7.522440209828416824e-02 3.673902982726378608e-01 -2.600348732263911278e-01
3.832773180720472350e-01 -1.675637591439042007e-01 3.822886769955017860e-01 -7.454328066297415123e-02 3.842659591485926840e-01 -2.605842376248342918e-01
3.986063523217437399e-01 -1.668323375929399166e-01 3.960294936044984615e-01 -7.339613425771893129e-02 4.011832110389890182e-01 -2.602685409281608742e-01
4.140354498602952238e-01 -1.654073618067512519e-01 4.099614754355221380e-01 -7.174923889149650846e-02 4.181094242850683096e-01 -2.590654847220059676e-01
4.295493840312086808e-01 -1.632625427221843228e-01 4.240848441787658518e-01 -6.956745645156285629e-02 4.350139238836515099e-01 -2.569576289928057755e-01
4.451328444544774277e-01 -1.603735013235514928e-01 4.383971075947850071e-01 -6.681473460884632121e-02 4.518685813141698482e-01 -2.539322680382566366e-01
4.607704521360774796e-01 -1.567179580668049410e-01 4.528925982758963964e-01 -6.345477064493522390e-02 4.686483059962585629e-01 -2.499811454886746442e-01
4.764467746451786501e-01 -1.522759224940481992e-01 4.675621601034051222e-01 -5.945181096241474589e-02 4.853313891869521779e-01 -2.451000340256816457e-01
4.921463413440896884e-01 -1.470298816120063079e-01 4.823930171841494530e-01 -5.477154152262046077e-02 5.018996655040299792e-01 -2.392882217013921342e-01
5.078536586559102561e-01 -1.409649855190932555e-01 4.973688412160259253e-01 -4.938201334132724662e-02 5.183384760957945314e-01 -2.325479576968592643e-01
5.235532253548212944e-01 -1.340692286896978946e-01 5.124700111412079373e-01 -4.325454387048863203e-02 5.346364395684346515e-01 -2.248839135089071295e-01
5.392295478639224093e-01 -1.263336252625936740e-01 5.276740377360858991e-01 -3.636454023056905072e-02 5.507850579917589195e-01 -2.163027102946183111e-01
5.548671555455225723e-01 -1.177523766341715405e-01 5.429561093844185171e-01 -2.869220247795375989e-02 5.667782017066266276e-01 -2.068125507903893212e-01
5.704506159687913192e-01 -1.083230296275533577e-01 5.582897063274185889e-01 -2.022308151423754530e-02 5.826115256101640494e-01 -1.964229777408691702e-01
5.859645501397048317e-01 -9.804662349644324704e-02 5.736472299477510806e-01 -1.094848337790851021e-02 5.982818703316585829e-01 -1.851447636149780029e-01
6.013936476782560936e-01 -8.692782402852625157e-02 5.890006000631942129e-01 -8.657263978017705128e-04 6.137866952933179743e-01 -1.729899216592507560e-01
6.167226819279525429e-01 -7.497504303783242285e-02 6.043217844698151042e-01 1.002173197694897905e-02 6.291235793860899816e-01 -1.599718180526138178e-01
6.319365249826862652e-01 -6.220054157907339842e-02 6.195832383308670366e-01 2.170427658648843225e-02 6.442898116345054937e-01 -1.461053597446352326e-01
6.470201626161519171e-01 -4.862051527961486208e-02 6.347582439859310588e-01 3.416620142159032536e-02 6.592820812463727753e-01 -1.314072319808200495e-01
6.619587090990746159e-01 -3.425516026639530143e-02 6.498211526153531148e-01 4.738584178317518936e-02 6.740962655827961170e-01 -1.158961623159657922e-01
6.767374218896284876e-01 -1.912871826539741527e-02 6.647475370585147481e-01 6.133575608674754487e-02 6.887273067207422272e-01 -9.959319261754237540e-02
6.913417161825448076e-01 -3.269499569717115861e-03 6.795142698186525942e-01 7.598294668758562298e-02 7.031691625464370210e-01 -8.252194582701985470e-02
7.057571793025543272e-01 1.329011729189299995e-02 6.940995422705951157e-01 9.128911367007704059e-02 7.174148163345135387e-01 -6.470887908629104068e-02
7.199695849279575954e-01 3.051371020183246685e-02 7.084828409588976861e-01 1.072109390662704526e-01 7.314563288970175048e-01 -4.618351866260551886e-02
7.339649071302866146e-01 4.836086326401828339e-02 7.226448953278212795e-01 1.237004012198800323e-01 7.452849189327519497e-01 -2.697867469184347250e-02
7.477293342162038003e-01 6.678724244438827284e-02 7.365676088853936321e-01 1.407051200315672101e-01 7.588910595470139686e-01 -7.130635142790675736e-03
7.612492823579743995e-01 8.574469751397856276e-02 7.502339831628705991e-01 1.581687338079975635e-01 7.722645815530781999e-01 1.332066121995957933e-02
7.745114089990658979e-01 1.051813905620335721e-01 7.636280412347919988e-01 1.760313076620406425e-01 7.853947767633397969e-01 3.433147346202650163e-02
7.875026260216391183e-01 1.250419511325479571e-01 7.767347552307202196e-01 1.942297721560001522e-01 7.982704968125580169e-01 5.585413010909578285e-02
8.002101126629419525e-01 1.452676578164928678e-01 7.895399803132614469e-01 2.126983893984260576e-01 8.108802450126224581e-01 7.783692623455967796e-02
8.126213281678524858e-01 1.657966459057100828e-01 8.020303960607798599e-01 2.313692423069158011e-01 8.232122602749251117e-01 1.002240495045043506e-01
8.247240241650917181e-01 1.865641404852717566e-01 8.141934550720689723e-01 2.501727413928728772e-01 8.352545932581144639e-01 1.229555395776706084e-01
8.365062567548865458e-01 2.075027141111186468e-01 8.260173378696871183e-01 2.690381423194458943e-01 8.469951756400859733e-01 1.459672859027913716e-01
8.479563982961570989e-01 2.285425679913127284e-01 8.374909127685875587e-01 2.878940666984566299e-01 8.584218838237266391e-01 1.691910692841688546e-01
8.590631488815942962e-01 2.496118353644855570e-01 8.486036992396884804e-01 3.066690181583451302e-01 8.695225985235001120e-01 1.925546525706259837e-01
8.698155474893048966e-01 2.706369055503233256e-01 8.593458333752090894e-01 3.252918856372478129e-01 8.802852616034007038e-01 2.159819254633988383e-01
8.802029828000155209e-01 2.915427669364112906e-01 8.697080342964422783e-01 3.436924261157957017e-01 8.906979313035887635e-01 2.393931077570268517e-01
8.902152036691648451e-01 3.122533669656976651e-01 8.796815706812792790e-01 3.618017195695830135e-01 9.007488366570504112e-01 2.627050143618123168e-01
8.998423292435453469e-01 3.326919870012746139e-01 8.892582269790957339e-01 3.795525897465900633e-01 9.104264315079949599e-01 2.858313842559591644e-01
9.090748587125118130e-01 3.527816297722169980e-01 8.984302692811788615e-01 3.968799854081339618e-01 9.197194481438447644e-01 3.086832741363000343e-01
9.179036806841349705e-01 3.724454169477044441e-01 9.071904111887092448e-01 4.137213178571911842e-01 9.286169501795606962e-01 3.311695160382177039e-01
9.263200821770460891e-01 3.916069942483857980e-01 9.155317803374248831e-01 4.300167518584732673e-01 9.371083840166672951e-01 3.531972366382983286e-01
9.343157572190955440e-01 4.101909413855057696e-01 9.234478864759143590e-01 4.457094483752552794e-01 9.451836279622767290e-01 3.746724343957562597e-01
9.418828150443467884e-01 4.281231840211941475e-01 9.309325921381564894e-01 4.607457588572503315e-01 9.528330379505370873e-01 3.955006091851379635e-01
9.490137878803077687e-01 4.453314048686548010e-01 9.379800869932110041e-01 4.750753720655255807e-01 9.600474887674045332e-01 4.155874376717840213e-01
9.557016383177225904e-01 4.617454509999475154e-01 9.445848668962011363e-01 4.886514155750403821e-01 9.668184097392440446e-01 4.348394864248546487e-01
9.619397662556433692e-01 4.772977344023044410e-01 9.507417185120294878e-01 5.014305151204179190e-01 9.731378139992572507e-01 4.531649536841910186e-01
9.677220154149336340e-01 4.919236228221713358e-01 9.564457101499295177e-01 5.133728158215505877e-01 9.789983206799377502e-01 4.704744298227920840e-01
9.730426794137726487e-01 5.055618179596212958e-01 9.616921891511872600e-01 5.244419700256471861e-01 9.843931696763580375e-01 4.866816658935954609e-01
9.778965073991650048e-01 5.181547181246253242e-01 9.664767858360718833e-01 5.346050970220156406e-01 9.893162289622581262e-01 5.017043392272350077e-01
9.822787092288990385e-01 5.296487625406509636e-01 9.707954236632961864e-01 5.438327202226235224e-01 9.937619947945018906e-01 5.154648048586784048e-01
9.861849601988382785e-01 5.399947545797390003e-01 9.746443349108866450e-01 5.520986875586741949e-01 9.977255854867899121e-01 5.278908216008038057e-01
9.896114053108828745e-01 5.491481613358966118e-01 9.780200808750291186e-01 5.593800808295140703e-01 1.001202729746736741e+00 5.389162418422791534e-01
9.925546630773869339e-01 5.570693870892424737e-01 9.809195753246481297e-01 5.656571195673411045e-01 1.004189750830125849e+00 5.484816546111438429e-01
9.950118288582787685e-01 5.637240183805911631e-01 9.833401097619678399e-01 5.709130646645209639e-01 1.006683547954589697e+00 5.565349720966613623e-01
9.969804777275897978e-01 5.690830386032970090e-01 9.852793789360468901e-01 5.751341265664459135e-01 1.008681576519132594e+00 5.630319506401481044e-01
9.984586668665640374e-01 5.731230102240816304e-01 9.867355050447889075e-01 5.783093822791334215e-01 1.010181828688339278e+00 5.679366381690298393e-01
9.994449374809849518e-01 5.758262229643416052e-01 9.877070591426860835e-01 5.804307047938220832e-01 1.011182815819283709e+00 5.712217411348611273e-01
9.999383162408302939e-01 5.771808065040175961e-01 9.881930784419223901e-01 5.814927078054344944e-01 1.011683554039738198e+00 5.728689052026006978e-01
1.000000000000000000e+00 5.773502691896257311e-01 9.882538422401760947e-01 5.816255209811965754e-01 1.011746157759823905e+00 5.730750173980548867e-01
